 Fermi (or HOMO) energy (hartree) =   0.23472   Average Vxc (hartree)=  -0.37030
 Eigenvalues (hartree) for nkpt=   2  k points, SPIN UP:
 kpt#   1, nband=204, wtk=  0.50000, kpt=  0.2500  0.2500  0.2500 (reduced coord)
  -1.42389   -1.42379   -1.42360   -1.42359   -1.42357   -1.42346   -1.42342   -1.42332
  -1.42258   -1.42251   -1.41925   -1.41919   -1.41910   -1.41909   -1.41689   -1.41688
  -1.22014   -1.05468   -1.05294   -1.05050   -1.05003   -1.04930   -1.04812   -1.04571
  -0.47454   -0.47229   -0.45906   -0.45454   -0.45164   -0.45140   -0.44905   -0.44751
  -0.44514   -0.44182   -0.44061   -0.44036   -0.43878   -0.43716   -0.43544   -0.43205
  -0.43153   -0.41721   -0.41435   -0.40784   -0.40584   -0.40201   -0.40008   -0.39868
  -0.39622   -0.39586   -0.39546   -0.39174   -0.39129   -0.38802   -0.38676   -0.38652
  -0.38272   -0.38003   -0.37882   -0.37830   -0.37568   -0.37378   -0.37256   -0.36962
  -0.32507   -0.31750   -0.30561   -0.30186   -0.29774   -0.29601   -0.29411   -0.29311
  -0.28945   -0.28816   -0.28575   -0.28294   -0.27977   -0.27828   -0.27656   -0.27631
  -0.00998   -0.00894   -0.00511   -0.00265    0.00339    0.00534    0.00901    0.00991
   0.01167    0.01806    0.01954    0.02014    0.02230    0.03035    0.03316    0.03556
   0.03837    0.04439    0.04693    0.05209    0.05409    0.05790    0.06037    0.06073
   0.06213    0.06417    0.06491    0.06795    0.06980    0.07040    0.07167    0.07181
   0.07297    0.07606    0.07891    0.07961    0.07996    0.08197    0.08314    0.08403
   0.08587    0.08842    0.08925    0.08960    0.09002    0.09381    0.09443    0.09596
   0.09865    0.10119    0.10209    0.10371    0.10478    0.10536    0.10815    0.11000
   0.11050    0.11083    0.11454    0.11494    0.11824    0.11941    0.12178    0.12196
   0.12286    0.12645    0.12709    0.12790    0.12857    0.12992    0.13130    0.13264
   0.13310    0.13361    0.13472    0.13543    0.13665    0.13673    0.14098    0.14161
   0.14253    0.14275    0.14447    0.14832    0.14887    0.14967    0.15090    0.15391
   0.15487    0.15535    0.15548    0.15656    0.15764    0.16443    0.16885    0.17057
   0.22746    0.22773    0.22838    0.22841    0.22931    0.22963    0.23472    0.30816
   0.32058    0.32964    0.33089    0.33671    0.33918    0.34081    0.34258    0.34677
   0.35329    0.35553    0.36387    0.36743    0.37422    0.37605    0.37882    0.38167
   0.38241    0.38502    0.38519    0.39790
 kpt#   2, nband=204, wtk=  0.50000, kpt= -0.2500  0.2500  0.2500 (reduced coord)
  -1.42389   -1.42379   -1.42360   -1.42359   -1.42357   -1.42346   -1.42342   -1.42332
  -1.42258   -1.42251   -1.41925   -1.41919   -1.41910   -1.41909   -1.41689   -1.41688
  -1.22014   -1.05468   -1.05294   -1.05050   -1.05003   -1.04930   -1.04812   -1.04571
  -0.47453   -0.47233   -0.45844   -0.45500   -0.45165   -0.45158   -0.44940   -0.44742
  -0.44513   -0.44201   -0.44052   -0.44024   -0.43894   -0.43673   -0.43516   -0.43199
  -0.43170   -0.41685   -0.41494   -0.40757   -0.40611   -0.40197   -0.40025   -0.39781
  -0.39777   -0.39617   -0.39435   -0.39145   -0.39138   -0.38819   -0.38685   -0.38636
  -0.38264   -0.38011   -0.37887   -0.37812   -0.37541   -0.37397   -0.37256   -0.36986
  -0.32502   -0.31747   -0.30561   -0.30198   -0.29764   -0.29613   -0.29402   -0.29315
  -0.28947   -0.28812   -0.28573   -0.28295   -0.27978   -0.27828   -0.27657   -0.27629
  -0.00993   -0.00816   -0.00602   -0.00258    0.00328    0.00538    0.00951    0.01018
   0.01099    0.01779    0.01978    0.02015    0.02220    0.03006    0.03347    0.03556
   0.03831    0.04442    0.04688    0.05229    0.05423    0.05817    0.06019    0.06066
   0.06213    0.06435    0.06479    0.06773    0.06999    0.07034    0.07169    0.07190
   0.07252    0.07620    0.07915    0.07937    0.08003    0.08185    0.08301    0.08427
   0.08561    0.08896    0.08933    0.08964    0.09019    0.09375    0.09404    0.09628
   0.09845    0.10141    0.10200    0.10379    0.10488    0.10537    0.10827    0.10975
   0.11039    0.11079    0.11416    0.11463    0.11839    0.11940    0.12205    0.12290
   0.12305    0.12676    0.12698    0.12780    0.12855    0.13040    0.13145    0.13190
   0.13207    0.13337    0.13452    0.13510    0.13647    0.13741    0.14047    0.14124
   0.14228    0.14299    0.14445    0.14865    0.14974    0.14999    0.15072    0.15403
   0.15429    0.15547    0.15604    0.15653    0.15737    0.16460    0.16906    0.17040
   0.22748    0.22776    0.22836    0.22844    0.22937    0.22965    0.23471    0.30809
   0.32206    0.32845    0.33067    0.33747    0.33901    0.34076    0.34254    0.34669
   0.35429    0.35753    0.36098    0.36792    0.37333    0.37567    0.37736    0.38012
   0.38302    0.38396    0.38619    0.39885
 Eigenvalues (hartree) for nkpt=   2  k points, SPIN DOWN:
 kpt#   1, nband=204, wtk=  0.50000, kpt=  0.2500  0.2500  0.2500 (reduced coord)
  -1.42389   -1.42379   -1.42360   -1.42360   -1.42357   -1.42346   -1.42342   -1.42333
  -1.42257   -1.42251   -1.41924   -1.41919   -1.41909   -1.41908   -1.41689   -1.41688
  -1.10713   -1.05466   -1.05294   -1.05050   -1.04991   -1.04918   -1.04812   -1.04570
  -0.45520   -0.45364   -0.45164   -0.45017   -0.44955   -0.44826   -0.44541   -0.44385
  -0.44059   -0.43973   -0.43944   -0.43817   -0.43718   -0.43549   -0.43211   -0.43143
  -0.40826   -0.40587   -0.40249   -0.40116   -0.39875   -0.39700   -0.39605   -0.39601
  -0.39188   -0.39163   -0.39001   -0.38767   -0.38669   -0.38277   -0.38178   -0.38033
  -0.38013   -0.37847   -0.37625   -0.37371   -0.37256   -0.36941   -0.35956   -0.35244
  -0.32471   -0.31687   -0.30514   -0.30158   -0.29750   -0.29533   -0.29367   -0.29239
  -0.28836   -0.28817   -0.28577   -0.28260   -0.27949   -0.27823   -0.27607   -0.27441
  -0.00979   -0.00862   -0.00504   -0.00244    0.00360    0.00546    0.00928    0.01027
   0.01180    0.01815    0.01971    0.02029    0.02267    0.03063    0.03354    0.03584
   0.03851    0.04458    0.04725    0.05251    0.05434    0.05804    0.06069    0.06104
   0.06235    0.06458    0.06524    0.06820    0.07007    0.07056    0.07189    0.07216
   0.07326    0.07628    0.07912    0.07991    0.08015    0.08217    0.08351    0.08442
   0.08614    0.08860    0.08957    0.08985    0.09032    0.09413    0.09474    0.09638
   0.09889    0.10152    0.10233    0.10382    0.10518    0.10603    0.10834    0.11018
   0.11087    0.11131    0.11466    0.11513    0.11837    0.11971    0.12215    0.12229
   0.12327    0.12656    0.12735    0.12820    0.12871    0.13045    0.13188    0.13283
   0.13353    0.13387    0.13515    0.13570    0.13693    0.13699    0.14138    0.14179
   0.14267    0.14305    0.14483    0.14876    0.14954    0.15006    0.15130    0.15400
   0.15499    0.15577    0.15653    0.15740    0.15781    0.16514    0.16947    0.17132
   0.31315    0.32355    0.33058    0.33420    0.33884    0.33962    0.34233    0.34372
   0.34899    0.35722    0.35844    0.36432    0.36826    0.37478    0.37788    0.38059
   0.38159    0.38429    0.38592    0.38867    0.39887    0.40115    0.40224    0.40444
   0.41015    0.41448    0.41805    0.41905
 kpt#   2, nband=204, wtk=  0.50000, kpt= -0.2500  0.2500  0.2500 (reduced coord)
  -1.42389   -1.42379   -1.42360   -1.42360   -1.42357   -1.42346   -1.42342   -1.42333
  -1.42257   -1.42251   -1.41924   -1.41919   -1.41909   -1.41908   -1.41689   -1.41688
  -1.10713   -1.05466   -1.05294   -1.05050   -1.04991   -1.04918   -1.04812   -1.04570
  -0.45500   -0.45383   -0.45170   -0.45012   -0.44939   -0.44840   -0.44546   -0.44383
  -0.44036   -0.43993   -0.43964   -0.43800   -0.43728   -0.43543   -0.43197   -0.43157
  -0.40792   -0.40624   -0.40249   -0.40119   -0.39818   -0.39799   -0.39627   -0.39518
  -0.39164   -0.39141   -0.39073   -0.38755   -0.38673   -0.38281   -0.38188   -0.38039
  -0.37968   -0.37828   -0.37601   -0.37397   -0.37255   -0.36988   -0.35957   -0.35229
  -0.32470   -0.31686   -0.30515   -0.30173   -0.29734   -0.29533   -0.29370   -0.29231
  -0.28848   -0.28809   -0.28573   -0.28263   -0.27946   -0.27825   -0.27611   -0.27440
  -0.00975   -0.00797   -0.00578   -0.00236    0.00355    0.00551    0.00971    0.01039
   0.01122    0.01801    0.02004    0.02036    0.02232    0.03054    0.03359    0.03587
   0.03846    0.04470    0.04717    0.05260    0.05444    0.05828    0.06050    0.06086
   0.06256    0.06452    0.06506    0.06784    0.07025    0.07050    0.07181    0.07242
   0.07295    0.07643    0.07947    0.07967    0.08039    0.08216    0.08329    0.08440
   0.08597    0.08927    0.08962    0.08980    0.09096    0.09404    0.09436    0.09661
   0.09876    0.10156    0.10214    0.10454    0.10545    0.10559    0.10847    0.10989
   0.11089    0.11102    0.11432    0.11486    0.11850    0.11960    0.12251    0.12317
   0.12327    0.12708    0.12713    0.12800    0.12897    0.13052    0.13171    0.13224
   0.13257    0.13370    0.13511    0.13546    0.13696    0.13756    0.14065    0.14142
   0.14250    0.14318    0.14483    0.14887    0.15032    0.15051    0.15099    0.15426
   0.15466    0.15581    0.15635    0.15754    0.15802    0.16536    0.16967    0.17141
   0.31357    0.32335    0.33062    0.33409    0.33902    0.33955    0.34240    0.34369
   0.34936    0.35711    0.35838    0.36430    0.36862    0.37436    0.37877    0.37938
   0.38066    0.38417    0.38708    0.38798    0.39914    0.39999    0.40237    0.40501
   0.41037    0.41419    0.41654    0.41768
