 Fermi (or HOMO) energy (hartree) =   0.28565   Average Vxc (hartree)=  -0.37068
 Eigenvalues (hartree) for nkpt=   2  k points, SPIN UP:
 kpt#   1, nband=204, wtk=  0.50000, kpt=  0.2500  0.2500  0.2500 (reduced coord)
  -1.42471   -1.42469   -1.42466   -1.42464   -1.42233   -1.42228   -1.42217   -1.42217
  -1.42057   -1.42053   -1.42051   -1.42050   -1.42042   -1.42041   -1.41855   -1.41853
  -1.34891   -1.05138   -1.04970   -1.04767   -1.04597   -1.04559   -1.03648   -1.03609
  -0.56187   -0.56025   -0.55814   -0.45470   -0.45113   -0.44924   -0.44767   -0.44518
  -0.44413   -0.44235   -0.44044   -0.44021   -0.43871   -0.43643   -0.43554   -0.43465
  -0.43289   -0.43191   -0.42948   -0.40537   -0.40157   -0.39898   -0.39585   -0.39524
  -0.39174   -0.39152   -0.38983   -0.38937   -0.38632   -0.38564   -0.38213   -0.37966
  -0.37840   -0.37749   -0.37310   -0.37209   -0.36966   -0.36890   -0.36828   -0.36680
  -0.32548   -0.31741   -0.30578   -0.30306   -0.29866   -0.29561   -0.29394   -0.29303
  -0.28957   -0.28808   -0.28584   -0.28287   -0.27991   -0.27975   -0.27652   -0.27499
  -0.01925   -0.01854   -0.01732   -0.01059   -0.00986   -0.00497   -0.00204    0.00361
   0.00574    0.00789    0.00946    0.01032    0.01152    0.01260    0.01568    0.01813
   0.01948    0.02068    0.02342    0.02979    0.03281    0.03511    0.03786    0.04440
   0.04610    0.05144    0.05341    0.05733    0.05970    0.06004    0.06175    0.06372
   0.06473    0.06677    0.06959    0.06994    0.07103    0.07152    0.07272    0.07582
   0.07856    0.07918    0.07955    0.08091    0.08308    0.08367    0.08499    0.08803
   0.08909    0.08963    0.09042    0.09345    0.09484    0.09605    0.09855    0.10082
   0.10190    0.10332    0.10439    0.10484    0.10791    0.10979    0.11052    0.11075
   0.11443    0.11482    0.11787    0.11866    0.12076    0.12143    0.12347    0.12652
   0.12687    0.12718    0.12832    0.13020    0.13060    0.13196    0.13317    0.13351
   0.13506    0.13539    0.13650    0.13670    0.14082    0.14137    0.14238    0.14279
   0.14434    0.14728    0.14766    0.15028    0.15127    0.15376    0.15403    0.15556
   0.15679    0.15734    0.15792    0.16449    0.16840    0.17150    0.21393    0.28565
   0.30188    0.32014    0.32830    0.33358    0.33840    0.34159    0.34280    0.34547
   0.34946    0.35476    0.36337    0.36549    0.36885    0.37168    0.37553    0.38052
   0.38057    0.38426    0.38544    0.39024
 kpt#   2, nband=204, wtk=  0.50000, kpt= -0.2500  0.2500  0.2500 (reduced coord)
  -1.42471   -1.42469   -1.42466   -1.42464   -1.42233   -1.42228   -1.42217   -1.42217
  -1.42057   -1.42053   -1.42051   -1.42050   -1.42042   -1.42041   -1.41855   -1.41853
  -1.34891   -1.05138   -1.04970   -1.04767   -1.04597   -1.04559   -1.03648   -1.03609
  -0.56187   -0.56024   -0.55814   -0.45465   -0.45115   -0.44917   -0.44787   -0.44515
  -0.44400   -0.44252   -0.44028   -0.44003   -0.43884   -0.43672   -0.43583   -0.43433
  -0.43253   -0.43182   -0.42969   -0.40573   -0.40165   -0.39868   -0.39559   -0.39549
  -0.39224   -0.39121   -0.38988   -0.38903   -0.38595   -0.38579   -0.38196   -0.37969
  -0.37836   -0.37764   -0.37331   -0.37207   -0.36998   -0.36883   -0.36826   -0.36664
  -0.32545   -0.31737   -0.30580   -0.30306   -0.29875   -0.29575   -0.29390   -0.29293
  -0.28954   -0.28806   -0.28578   -0.28287   -0.27996   -0.27977   -0.27650   -0.27500
  -0.01938   -0.01868   -0.01735   -0.01033   -0.00845   -0.00601   -0.00201    0.00327
   0.00567    0.00890    0.00916    0.00983    0.01142    0.01211    0.01579    0.01718
   0.02015    0.02125    0.02297    0.02943    0.03330    0.03522    0.03779    0.04430
   0.04661    0.05184    0.05385    0.05733    0.05861    0.05969    0.06258    0.06375
   0.06479    0.06708    0.06853    0.07011    0.07097    0.07129    0.07273    0.07601
   0.07831    0.07920    0.08005    0.08131    0.08274    0.08388    0.08508    0.08873
   0.08924    0.08934    0.09045    0.09338    0.09405    0.09601    0.09830    0.10065
   0.10206    0.10352    0.10503    0.10548    0.10798    0.10952    0.11031    0.11056
   0.11378    0.11427    0.11782    0.11931    0.12168    0.12241    0.12324    0.12623
   0.12635    0.12789    0.12872    0.12989    0.13049    0.13122    0.13184    0.13325
   0.13481    0.13500    0.13623    0.13764    0.13994    0.14124    0.14213    0.14294
   0.14421    0.14845    0.14920    0.15011    0.15099    0.15306    0.15428    0.15561
   0.15635    0.15711    0.15850    0.16482    0.16859    0.17162    0.21396    0.28542
   0.30262    0.32062    0.32708    0.33514    0.33860    0.34112    0.34263    0.34461
   0.35161    0.35755    0.35965    0.36451    0.36615    0.37147    0.37509    0.37809
   0.38074    0.38260    0.38590    0.39245
 Eigenvalues (hartree) for nkpt=   2  k points, SPIN DOWN:
 kpt#   1, nband=204, wtk=  0.50000, kpt=  0.2500  0.2500  0.2500 (reduced coord)
  -1.42472   -1.42471   -1.42467   -1.42465   -1.42232   -1.42226   -1.42215   -1.42215
  -1.42057   -1.42052   -1.42051   -1.42049   -1.42042   -1.42041   -1.41855   -1.41853
  -1.24278   -1.05132   -1.04963   -1.04760   -1.04589   -1.04505   -1.03492   -1.03457
  -0.49361   -0.48436   -0.48202   -0.45453   -0.45103   -0.44915   -0.44730   -0.44507
  -0.44385   -0.44115   -0.44014   -0.43989   -0.43859   -0.43635   -0.43430   -0.43272
  -0.43184   -0.42482   -0.42471   -0.40528   -0.40146   -0.39833   -0.39568   -0.39512
  -0.39142   -0.39134   -0.38845   -0.38799   -0.38567   -0.38489   -0.38200   -0.37951
  -0.37787   -0.37358   -0.37295   -0.37197   -0.36955   -0.36783   -0.36594   -0.36487
  -0.32539   -0.31731   -0.30566   -0.30283   -0.29841   -0.29560   -0.29412   -0.29304
  -0.28968   -0.28809   -0.28589   -0.28287   -0.27995   -0.27956   -0.27655   -0.27495
  -0.01067   -0.00878   -0.00513   -0.00233    0.00339    0.00549    0.00913    0.00989
   0.01136    0.01713    0.01883    0.02057    0.02336    0.03024    0.03314    0.03538
   0.03788    0.04440    0.04654    0.05212    0.05380    0.05744    0.06003    0.06035
   0.06202    0.06465    0.06491    0.06713    0.06964    0.07017    0.07134    0.07178
   0.07294    0.07604    0.07867    0.07941    0.07965    0.08127    0.08311    0.08391
   0.08525    0.08819    0.08900    0.08972    0.09061    0.09346    0.09499    0.09623
   0.09867    0.10114    0.10199    0.10354    0.10466    0.10500    0.10797    0.10974
   0.11052    0.11083    0.11436    0.11492    0.11786    0.11883    0.12075    0.12165
   0.12357    0.12644    0.12665    0.12724    0.12838    0.13027    0.13089    0.13193
   0.13318    0.13353    0.13515    0.13549    0.13658    0.13677    0.14082    0.14132
   0.14248    0.14278    0.14438    0.14739    0.14824    0.15033    0.15120    0.15377
   0.15410    0.15556    0.15692    0.15747    0.15790    0.16474    0.16853    0.17164
   0.31446    0.32351    0.32743    0.33141    0.33502    0.34036    0.34211    0.34384
   0.34494    0.34836    0.35660    0.36005    0.36465    0.36725    0.37424    0.37631
   0.37786    0.37938    0.38298    0.38541    0.38702    0.38991    0.39110    0.39309
   0.39490    0.39780    0.39954    0.40004
 kpt#   2, nband=204, wtk=  0.50000, kpt= -0.2500  0.2500  0.2500 (reduced coord)
  -1.42472   -1.42471   -1.42467   -1.42465   -1.42232   -1.42226   -1.42215   -1.42215
  -1.42057   -1.42052   -1.42051   -1.42049   -1.42042   -1.42041   -1.41855   -1.41853
  -1.24278   -1.05132   -1.04963   -1.04760   -1.04589   -1.04505   -1.03492   -1.03457
  -0.49362   -0.48433   -0.48202   -0.45460   -0.45103   -0.44913   -0.44748   -0.44503
  -0.44367   -0.44134   -0.44014   -0.43961   -0.43860   -0.43658   -0.43385   -0.43292
  -0.43178   -0.42519   -0.42446   -0.40560   -0.40152   -0.39807   -0.39549   -0.39533
  -0.39191   -0.39111   -0.38811   -0.38779   -0.38587   -0.38463   -0.38180   -0.37961
  -0.37782   -0.37370   -0.37313   -0.37195   -0.36989   -0.36775   -0.36578   -0.36487
  -0.32536   -0.31728   -0.30568   -0.30293   -0.29840   -0.29573   -0.29407   -0.29295
  -0.28963   -0.28807   -0.28585   -0.28286   -0.27998   -0.27959   -0.27654   -0.27497
  -0.01059   -0.00813   -0.00599   -0.00223    0.00349    0.00548    0.00947    0.00995
   0.01084    0.01640    0.01941    0.02113    0.02288    0.03012    0.03331    0.03545
   0.03789    0.04442    0.04677    0.05227    0.05397    0.05749    0.05925    0.05992
   0.06271    0.06419    0.06488    0.06730    0.06888    0.07078    0.07113    0.07188
   0.07291    0.07618    0.07860    0.07926    0.08021    0.08170    0.08282    0.08404
   0.08538    0.08855    0.08936    0.08958    0.09068    0.09361    0.09430    0.09625
   0.09837    0.10093    0.10208    0.10364    0.10508    0.10551    0.10798    0.10945
   0.11039    0.11067    0.11380    0.11426    0.11778    0.11927    0.12200    0.12259
   0.12336    0.12623    0.12636    0.12783    0.12874    0.12990    0.13088    0.13121
   0.13200    0.13326    0.13492    0.13505    0.13635    0.13773    0.14001    0.14126
   0.14208    0.14294    0.14427    0.14843    0.14960    0.15009    0.15100    0.15318
   0.15442    0.15570    0.15644    0.15718    0.15850    0.16500    0.16862    0.17177
   0.31533    0.32357    0.32575    0.33221    0.33559    0.34025    0.34202    0.34361
   0.34525    0.34989    0.35572    0.35902    0.36488    0.36756    0.37279    0.37663
   0.37790    0.37946    0.38310    0.38413    0.38664    0.39056    0.39206    0.39266
   0.39575    0.39705    0.39931    0.40154
