
 **** DERIVATIVE DATABASE ****    
+DDB, Version number    100401

  Note : temporary (transfer) database

    usepaw         1
     natom        72
      nkpt         2
    nsppol         2
      nsym         4
    ntypat         6
    occopt         2
     nband       204  204
     acell  0.10000000000000D+01  0.10000000000000D+01  0.10000000000000D+01
       amu  0.15196500000000D+03  0.87620000000000D+02  0.69410000000000D+01
            0.26981539000000D+02  0.14006740000000D+02  0.15999400000000D+02
   dilatmx  0.10000000000000D+01
      ecut  0.15000000000000D+02
 pawecutdg  0.30000000000000D+02
    ecutsm  0.00000000000000D+00
     intxc         0
      iscf        17
       ixc   -101130
       kpt  0.25000000000000D+00  0.25000000000000D+00  0.25000000000000D+00
           -0.25000000000000D+00  0.25000000000000D+00  0.25000000000000D+00
    kptnrm  0.10000000000000D+01
     ngfft        54   60   90
    nspden         2
   nspinor         1
       occ  0.10000000000000D+01  0.10000000000000D+01  0.10000000000000D+01
            0.10000000000000D+01  0.10000000000000D+01  0.10000000000000D+01
            0.10000000000000D+01  0.10000000000000D+01  0.10000000000000D+01
            0.10000000000000D+01  0.10000000000000D+01  0.10000000000000D+01
            0.10000000000000D+01  0.10000000000000D+01  0.10000000000000D+01
            0.10000000000000D+01  0.10000000000000D+01  0.10000000000000D+01
            0.10000000000000D+01  0.10000000000000D+01  0.10000000000000D+01
            0.10000000000000D+01  0.10000000000000D+01  0.10000000000000D+01
            0.10000000000000D+01  0.10000000000000D+01  0.10000000000000D+01
            0.10000000000000D+01  0.10000000000000D+01  0.10000000000000D+01
            0.10000000000000D+01  0.10000000000000D+01  0.10000000000000D+01
            0.10000000000000D+01  0.10000000000000D+01  0.10000000000000D+01
            0.10000000000000D+01  0.10000000000000D+01  0.10000000000000D+01
            0.10000000000000D+01  0.10000000000000D+01  0.10000000000000D+01
            0.10000000000000D+01  0.10000000000000D+01  0.10000000000000D+01
            0.10000000000000D+01  0.10000000000000D+01  0.10000000000000D+01
            0.10000000000000D+01  0.10000000000000D+01  0.10000000000000D+01
            0.10000000000000D+01  0.10000000000000D+01  0.10000000000000D+01
            0.10000000000000D+01  0.10000000000000D+01  0.10000000000000D+01
            0.10000000000000D+01  0.10000000000000D+01  0.10000000000000D+01
            0.10000000000000D+01  0.10000000000000D+01  0.10000000000000D+01
            0.10000000000000D+01  0.10000000000000D+01  0.10000000000000D+01
            0.10000000000000D+01  0.10000000000000D+01  0.10000000000000D+01
            0.10000000000000D+01  0.10000000000000D+01  0.10000000000000D+01
            0.10000000000000D+01  0.10000000000000D+01  0.10000000000000D+01
            0.10000000000000D+01  0.10000000000000D+01  0.10000000000000D+01
            0.10000000000000D+01  0.10000000000000D+01  0.10000000000000D+01
            0.10000000000000D+01  0.10000000000000D+01  0.10000000000000D+01
            0.10000000000000D+01  0.10000000000000D+01  0.10000000000000D+01
            0.10000000000000D+01  0.10000000000000D+01  0.10000000000000D+01
            0.10000000000000D+01  0.10000000000000D+01  0.10000000000000D+01
            0.10000000000000D+01  0.10000000000000D+01  0.10000000000000D+01
            0.10000000000000D+01  0.10000000000000D+01  0.10000000000000D+01
            0.10000000000000D+01  0.10000000000000D+01  0.10000000000000D+01
            0.10000000000000D+01  0.10000000000000D+01  0.10000000000000D+01
            0.10000000000000D+01  0.10000000000000D+01  0.10000000000000D+01
            0.10000000000000D+01  0.10000000000000D+01  0.10000000000000D+01
            0.10000000000000D+01  0.10000000000000D+01  0.10000000000000D+01
            0.10000000000000D+01  0.10000000000000D+01  0.10000000000000D+01
            0.10000000000000D+01  0.10000000000000D+01  0.10000000000000D+01
            0.10000000000000D+01  0.10000000000000D+01  0.10000000000000D+01
            0.10000000000000D+01  0.10000000000000D+01  0.10000000000000D+01
            0.10000000000000D+01  0.10000000000000D+01  0.10000000000000D+01
            0.10000000000000D+01  0.10000000000000D+01  0.10000000000000D+01
            0.10000000000000D+01  0.10000000000000D+01  0.10000000000000D+01
            0.10000000000000D+01  0.10000000000000D+01  0.10000000000000D+01
            0.10000000000000D+01  0.10000000000000D+01  0.10000000000000D+01
            0.10000000000000D+01  0.10000000000000D+01  0.10000000000000D+01
            0.10000000000000D+01  0.10000000000000D+01  0.10000000000000D+01
            0.10000000000000D+01  0.10000000000000D+01  0.10000000000000D+01
            0.10000000000000D+01  0.10000000000000D+01  0.10000000000000D+01
            0.10000000000000D+01  0.10000000000000D+01  0.10000000000000D+01
            0.10000000000000D+01  0.10000000000000D+01  0.10000000000000D+01
            0.10000000000000D+01  0.10000000000000D+01  0.10000000000000D+01
            0.10000000000000D+01  0.10000000000000D+01  0.10000000000000D+01
            0.10000000000000D+01  0.10000000000000D+01  0.10000000000000D+01
            0.10000000000000D+01  0.10000000000000D+01  0.10000000000000D+01
            0.10000000000000D+01  0.10000000000000D+01  0.10000000000000D+01
            0.10000000000000D+01  0.10000000000000D+01  0.10000000000000D+01
            0.10000000000000D+01  0.10000000000000D+01  0.10000000000000D+01
            0.10000000000000D+01  0.10000000000000D+01  0.00000000000000D+00
            0.10000000000000D+01  0.00000000000000D+00  0.00000000000000D+00
            0.00000000000000D+00  0.00000000000000D+00  0.00000000000000D+00
            0.00000000000000D+00  0.00000000000000D+00  0.00000000000000D+00
            0.00000000000000D+00  0.00000000000000D+00  0.00000000000000D+00
            0.00000000000000D+00  0.00000000000000D+00  0.00000000000000D+00
            0.00000000000000D+00  0.00000000000000D+00  0.00000000000000D+00
            0.00000000000000D+00  0.00000000000000D+00  0.00000000000000D+00
            0.10000000000000D+01  0.10000000000000D+01  0.10000000000000D+01
            0.10000000000000D+01  0.10000000000000D+01  0.10000000000000D+01
            0.10000000000000D+01  0.10000000000000D+01  0.10000000000000D+01
            0.10000000000000D+01  0.10000000000000D+01  0.10000000000000D+01
            0.10000000000000D+01  0.10000000000000D+01  0.10000000000000D+01
            0.10000000000000D+01  0.10000000000000D+01  0.10000000000000D+01
            0.10000000000000D+01  0.10000000000000D+01  0.10000000000000D+01
            0.10000000000000D+01  0.10000000000000D+01  0.10000000000000D+01
            0.10000000000000D+01  0.10000000000000D+01  0.10000000000000D+01
            0.10000000000000D+01  0.10000000000000D+01  0.10000000000000D+01
            0.10000000000000D+01  0.10000000000000D+01  0.10000000000000D+01
            0.10000000000000D+01  0.10000000000000D+01  0.10000000000000D+01
            0.10000000000000D+01  0.10000000000000D+01  0.10000000000000D+01
            0.10000000000000D+01  0.10000000000000D+01  0.10000000000000D+01
            0.10000000000000D+01  0.10000000000000D+01  0.10000000000000D+01
            0.10000000000000D+01  0.10000000000000D+01  0.10000000000000D+01
            0.10000000000000D+01  0.10000000000000D+01  0.10000000000000D+01
            0.10000000000000D+01  0.10000000000000D+01  0.10000000000000D+01
            0.10000000000000D+01  0.10000000000000D+01  0.10000000000000D+01
            0.10000000000000D+01  0.10000000000000D+01  0.10000000000000D+01
            0.10000000000000D+01  0.10000000000000D+01  0.10000000000000D+01
            0.10000000000000D+01  0.10000000000000D+01  0.10000000000000D+01
            0.10000000000000D+01  0.10000000000000D+01  0.10000000000000D+01
            0.10000000000000D+01  0.10000000000000D+01  0.10000000000000D+01
            0.10000000000000D+01  0.10000000000000D+01  0.10000000000000D+01
            0.10000000000000D+01  0.10000000000000D+01  0.10000000000000D+01
            0.10000000000000D+01  0.10000000000000D+01  0.10000000000000D+01
            0.10000000000000D+01  0.10000000000000D+01  0.10000000000000D+01
            0.10000000000000D+01  0.10000000000000D+01  0.10000000000000D+01
            0.10000000000000D+01  0.10000000000000D+01  0.10000000000000D+01
            0.10000000000000D+01  0.10000000000000D+01  0.10000000000000D+01
            0.10000000000000D+01  0.10000000000000D+01  0.10000000000000D+01
            0.10000000000000D+01  0.10000000000000D+01  0.10000000000000D+01
            0.10000000000000D+01  0.10000000000000D+01  0.10000000000000D+01
            0.10000000000000D+01  0.10000000000000D+01  0.10000000000000D+01
            0.10000000000000D+01  0.10000000000000D+01  0.10000000000000D+01
            0.10000000000000D+01  0.10000000000000D+01  0.10000000000000D+01
            0.10000000000000D+01  0.10000000000000D+01  0.10000000000000D+01
            0.10000000000000D+01  0.10000000000000D+01  0.10000000000000D+01
            0.10000000000000D+01  0.10000000000000D+01  0.10000000000000D+01
            0.10000000000000D+01  0.10000000000000D+01  0.10000000000000D+01
            0.10000000000000D+01  0.10000000000000D+01  0.10000000000000D+01
            0.10000000000000D+01  0.10000000000000D+01  0.10000000000000D+01
            0.10000000000000D+01  0.10000000000000D+01  0.10000000000000D+01
            0.10000000000000D+01  0.10000000000000D+01  0.10000000000000D+01
            0.10000000000000D+01  0.10000000000000D+01  0.10000000000000D+01
            0.10000000000000D+01  0.10000000000000D+01  0.10000000000000D+01
            0.10000000000000D+01  0.10000000000000D+01  0.10000000000000D+01
            0.10000000000000D+01  0.10000000000000D+01  0.10000000000000D+01
            0.10000000000000D+01  0.10000000000000D+01  0.10000000000000D+01
            0.10000000000000D+01  0.10000000000000D+01  0.10000000000000D+01
            0.10000000000000D+01  0.10000000000000D+01  0.10000000000000D+01
            0.10000000000000D+01  0.10000000000000D+01  0.10000000000000D+01
            0.10000000000000D+01  0.10000000000000D+01  0.10000000000000D+01
            0.10000000000000D+01  0.10000000000000D+01  0.10000000000000D+01
            0.10000000000000D+01  0.10000000000000D+01  0.10000000000000D+01
            0.10000000000000D+01  0.10000000000000D+01  0.10000000000000D+01
            0.10000000000000D+01  0.10000000000000D+01  0.10000000000000D+01
            0.10000000000000D+01  0.10000000000000D+01  0.10000000000000D+01
            0.10000000000000D+01  0.10000000000000D+01  0.10000000000000D+01
            0.10000000000000D+01  0.10000000000000D+01  0.00000000000000D+00
            0.10000000000000D+01  0.00000000000000D+00  0.00000000000000D+00
            0.00000000000000D+00  0.00000000000000D+00  0.00000000000000D+00
            0.00000000000000D+00  0.00000000000000D+00  0.00000000000000D+00
            0.00000000000000D+00  0.00000000000000D+00  0.00000000000000D+00
            0.00000000000000D+00  0.00000000000000D+00  0.00000000000000D+00
            0.00000000000000D+00  0.00000000000000D+00  0.00000000000000D+00
            0.00000000000000D+00  0.00000000000000D+00  0.00000000000000D+00
     rprim  0.15139044928400D+02  0.38157104200000D-01  0.00000000000000D+00
            0.38157104200000D-01  0.15138926862300D+02  0.00000000000000D+00
            0.00000000000000D+00  0.00000000000000D+00  0.24286034967900D+02
  dfpt_sciss  0.00000000000000D+00
    spinat  0.00000000000000D+00  0.00000000000000D+00  0.70000000000000D+01
            0.00000000000000D+00  0.00000000000000D+00  0.00000000000000D+00
            0.00000000000000D+00  0.00000000000000D+00  0.00000000000000D+00
            0.00000000000000D+00  0.00000000000000D+00  0.00000000000000D+00
            0.00000000000000D+00  0.00000000000000D+00  0.00000000000000D+00
            0.00000000000000D+00  0.00000000000000D+00  0.00000000000000D+00
            0.00000000000000D+00  0.00000000000000D+00  0.00000000000000D+00
            0.00000000000000D+00  0.00000000000000D+00  0.00000000000000D+00
            0.00000000000000D+00  0.00000000000000D+00  0.00000000000000D+00
            0.00000000000000D+00  0.00000000000000D+00  0.00000000000000D+00
            0.00000000000000D+00  0.00000000000000D+00  0.00000000000000D+00
            0.00000000000000D+00  0.00000000000000D+00  0.00000000000000D+00
            0.00000000000000D+00  0.00000000000000D+00  0.00000000000000D+00
            0.00000000000000D+00  0.00000000000000D+00  0.00000000000000D+00
            0.00000000000000D+00  0.00000000000000D+00  0.00000000000000D+00
            0.00000000000000D+00  0.00000000000000D+00  0.00000000000000D+00
            0.00000000000000D+00  0.00000000000000D+00  0.00000000000000D+00
            0.00000000000000D+00  0.00000000000000D+00  0.00000000000000D+00
            0.00000000000000D+00  0.00000000000000D+00  0.00000000000000D+00
            0.00000000000000D+00  0.00000000000000D+00  0.00000000000000D+00
            0.00000000000000D+00  0.00000000000000D+00  0.00000000000000D+00
            0.00000000000000D+00  0.00000000000000D+00  0.00000000000000D+00
            0.00000000000000D+00  0.00000000000000D+00  0.00000000000000D+00
            0.00000000000000D+00  0.00000000000000D+00  0.00000000000000D+00
            0.00000000000000D+00  0.00000000000000D+00  0.00000000000000D+00
            0.00000000000000D+00  0.00000000000000D+00  0.00000000000000D+00
            0.00000000000000D+00  0.00000000000000D+00  0.00000000000000D+00
            0.00000000000000D+00  0.00000000000000D+00  0.00000000000000D+00
            0.00000000000000D+00  0.00000000000000D+00  0.00000000000000D+00
            0.00000000000000D+00  0.00000000000000D+00  0.00000000000000D+00
            0.00000000000000D+00  0.00000000000000D+00  0.00000000000000D+00
            0.00000000000000D+00  0.00000000000000D+00  0.00000000000000D+00
            0.00000000000000D+00  0.00000000000000D+00  0.00000000000000D+00
            0.00000000000000D+00  0.00000000000000D+00  0.00000000000000D+00
            0.00000000000000D+00  0.00000000000000D+00  0.00000000000000D+00
            0.00000000000000D+00  0.00000000000000D+00  0.00000000000000D+00
            0.00000000000000D+00  0.00000000000000D+00  0.00000000000000D+00
            0.00000000000000D+00  0.00000000000000D+00  0.00000000000000D+00
            0.00000000000000D+00  0.00000000000000D+00  0.00000000000000D+00
            0.00000000000000D+00  0.00000000000000D+00  0.00000000000000D+00
            0.00000000000000D+00  0.00000000000000D+00  0.00000000000000D+00
            0.00000000000000D+00  0.00000000000000D+00  0.00000000000000D+00
            0.00000000000000D+00  0.00000000000000D+00  0.00000000000000D+00
            0.00000000000000D+00  0.00000000000000D+00  0.00000000000000D+00
            0.00000000000000D+00  0.00000000000000D+00  0.00000000000000D+00
            0.00000000000000D+00  0.00000000000000D+00  0.00000000000000D+00
            0.00000000000000D+00  0.00000000000000D+00  0.00000000000000D+00
            0.00000000000000D+00  0.00000000000000D+00  0.00000000000000D+00
            0.00000000000000D+00  0.00000000000000D+00  0.00000000000000D+00
            0.00000000000000D+00  0.00000000000000D+00  0.00000000000000D+00
            0.00000000000000D+00  0.00000000000000D+00  0.00000000000000D+00
            0.00000000000000D+00  0.00000000000000D+00  0.00000000000000D+00
            0.00000000000000D+00  0.00000000000000D+00  0.00000000000000D+00
            0.00000000000000D+00  0.00000000000000D+00  0.00000000000000D+00
            0.00000000000000D+00  0.00000000000000D+00  0.00000000000000D+00
            0.00000000000000D+00  0.00000000000000D+00  0.00000000000000D+00
            0.00000000000000D+00  0.00000000000000D+00  0.00000000000000D+00
            0.00000000000000D+00  0.00000000000000D+00  0.00000000000000D+00
            0.00000000000000D+00  0.00000000000000D+00  0.00000000000000D+00
            0.00000000000000D+00  0.00000000000000D+00  0.00000000000000D+00
            0.00000000000000D+00  0.00000000000000D+00  0.00000000000000D+00
            0.00000000000000D+00  0.00000000000000D+00  0.00000000000000D+00
            0.00000000000000D+00  0.00000000000000D+00  0.00000000000000D+00
            0.00000000000000D+00  0.00000000000000D+00  0.00000000000000D+00
            0.00000000000000D+00  0.00000000000000D+00  0.00000000000000D+00
            0.00000000000000D+00  0.00000000000000D+00  0.00000000000000D+00
            0.00000000000000D+00  0.00000000000000D+00  0.00000000000000D+00
            0.00000000000000D+00  0.00000000000000D+00  0.00000000000000D+00
            0.00000000000000D+00  0.00000000000000D+00  0.00000000000000D+00
            0.00000000000000D+00  0.00000000000000D+00  0.00000000000000D+00
            0.00000000000000D+00  0.00000000000000D+00  0.00000000000000D+00
            0.00000000000000D+00  0.00000000000000D+00  0.00000000000000D+00
    symafm         1    1    1    1
    symrel         1    0    0    0    1    0    0    0    1
                  -1    0    0    0   -1    0    0    0   -1
                  -1    0    0    0   -1    0    0    0    1
                   1    0    0    0    1    0    0    0   -1
     tnons  0.00000000000000D+00  0.00000000000000D+00  0.00000000000000D+00
           -0.22204460492503D-15 -0.43368086899420D-18  0.25000000000000D+00
           -0.22204460492503D-15 -0.43368086899420D-18  0.00000000000000D+00
            0.00000000000000D+00  0.00000000000000D+00  0.25000000000000D+00
    tolwfr  0.10000000000000D+01
   tphysel  0.00000000000000D+00
    tsmear  0.10000000000000D-01
     typat         1    2    2    2    2    2    2    2    3    3    3    3
                   3    3    3    3    3    3    3    3    3    3    3    3
                   4    4    4    4    4    4    4    4    4    4    4    4
                   4    4    4    4    5    5    5    5    5    5    5    5
                   5    5    5    5    5    5    5    5    6    6    6    6
                   6    6    6    6    6    6    6    6    6    6    6    6
       wtk  0.50000000000000D+00  0.50000000000000D+00
      xred  0.50000000000000D+00 -0.21684043449710D-18  0.12500000000000D+00
            0.50000000000000D+00 -0.21684043449710D-18  0.37330403220000D+00
            0.50000000000000D+00 -0.21684043449710D-18  0.62500000000000D+00
            0.50000000000000D+00 -0.21684043449710D-18  0.87669596780000D+00
           -0.55511151231258D-16  0.50000000000000D+00 -0.49253710249487D-04
           -0.55511151231258D-16  0.50000000000000D+00  0.25004925371025D+00
           -0.55511151231258D-16  0.50000000000000D+00  0.50019291090000D+00
           -0.55511151231258D-16  0.50000000000000D+00  0.74980708910000D+00
            0.12507891490000D+00  0.82303888380000D+00  0.12500000000000D+00
            0.12605490490000D+00  0.82334342720000D+00  0.37461250070000D+00
            0.12541293750000D+00  0.82237083210000D+00  0.62500000000000D+00
            0.12605490490000D+00  0.82334342720000D+00  0.87538749930000D+00
            0.87492108510000D+00  0.17696111620000D+00  0.12500000000000D+00
            0.87394509510000D+00  0.17665657280000D+00  0.37461250070000D+00
            0.87458706250000D+00  0.17762916790000D+00  0.62500000000000D+00
            0.87394509510000D+00  0.17665657280000D+00  0.87538749930000D+00
            0.17685569050000D+00  0.12657753690000D+00  0.41586662396000D-03
            0.17685569050000D+00  0.12657753690000D+00  0.24958413337604D+00
            0.17731738380000D+00  0.12602564840000D+00  0.50006379640000D+00
            0.17731738380000D+00  0.12602564840000D+00  0.74993620360000D+00
            0.82314430950000D+00  0.87342246310000D+00  0.41586662396000D-03
            0.82314430950000D+00  0.87342246310000D+00  0.24958413337604D+00
            0.82268261620000D+00  0.87397435160000D+00  0.50006379640000D+00
            0.82268261620000D+00  0.87397435160000D+00  0.74993620360000D+00
            0.35351874240000D+00  0.68458691000000D+00  0.11319797000000D-02
            0.35351874240000D+00  0.68458691000000D+00  0.24886802030000D+00
            0.35312046540000D+00  0.68455314970000D+00  0.49969084230000D+00
            0.35312046540000D+00  0.68455314970000D+00  0.75030915770000D+00
            0.64648125760000D+00  0.31541309000000D+00  0.11319797000000D-02
            0.64648125760000D+00  0.31541309000000D+00  0.24886802030000D+00
            0.64687953460000D+00  0.31544685030000D+00  0.49969084230000D+00
            0.64687953460000D+00  0.31544685030000D+00  0.75030915770000D+00
            0.31534987170000D+00  0.35149376080000D+00  0.12500000000000D+00
            0.31662109770000D+00  0.35199637130000D+00  0.37469560950000D+00
            0.31631262410000D+00  0.35371674130000D+00  0.62500000000000D+00
            0.31662109770000D+00  0.35199637130000D+00  0.87530439050000D+00
            0.68465012830000D+00  0.64850623920000D+00  0.12500000000000D+00
            0.68337890230000D+00  0.64800362870000D+00  0.37469560950000D+00
            0.68368737590000D+00  0.64628325870000D+00  0.62500000000000D+00
            0.68337890230000D+00  0.64800362870000D+00  0.87530439050000D+00
            0.58459036220000D+00  0.73470066950000D+00  0.12556348000000D-02
            0.58459036220000D+00  0.73470066950000D+00  0.24874436520000D+00
            0.58478353100000D+00  0.72958318660000D+00  0.49998874030000D+00
            0.58478353100000D+00  0.72958318660000D+00  0.75001125970000D+00
            0.41540963780000D+00  0.26529933050000D+00  0.12556348000000D-02
            0.41540963780000D+00  0.26529933050000D+00  0.24874436520000D+00
            0.41521646900000D+00  0.27041681340000D+00  0.49998874030000D+00
            0.41521646900000D+00  0.27041681340000D+00  0.75001125970000D+00
            0.27061389100000D+00  0.58310596590000D+00  0.12500000000000D+00
            0.27199097140000D+00  0.58464265540000D+00  0.37370226740000D+00
            0.27005735370000D+00  0.58551121380000D+00  0.62500000000000D+00
            0.27199097140000D+00  0.58464265540000D+00  0.87629773260000D+00
            0.72938610900000D+00  0.41689403410000D+00  0.12500000000000D+00
            0.72800902860000D+00  0.41535734460000D+00  0.37370226740000D+00
            0.72994264630000D+00  0.41448878620000D+00  0.62500000000000D+00
            0.72800902860000D+00  0.41535734460000D+00  0.87629773260000D+00
            0.25685816200000D+00  0.89386068390000D+00  0.32970002000000D-02
            0.25685816200000D+00  0.89386068390000D+00  0.24670299980000D+00
            0.25312682430000D+00  0.89181483990000D+00  0.49934328580000D+00
            0.25312682430000D+00  0.89181483990000D+00  0.75065671420000D+00
            0.74314183800000D+00  0.10613931610000D+00  0.32970002000000D-02
            0.74314183800000D+00  0.10613931610000D+00  0.24670299980000D+00
            0.74687317570000D+00  0.10818516010000D+00  0.49934328580000D+00
            0.74687317570000D+00  0.10818516010000D+00  0.75065671420000D+00
            0.10634104680000D+00  0.25670386230000D+00  0.12500000000000D+00
            0.10756124860000D+00  0.25674277830000D+00  0.37421909580000D+00
            0.10775609330000D+00  0.25749464120000D+00  0.62500000000000D+00
            0.10756124860000D+00  0.25674277830000D+00  0.87578090420000D+00
            0.89365895320000D+00  0.74329613770000D+00  0.12500000000000D+00
            0.89243875140000D+00  0.74325722170000D+00  0.37421909580000D+00
            0.89224390670000D+00  0.74250535880000D+00  0.62500000000000D+00
            0.89243875140000D+00  0.74325722170000D+00  0.87578090420000D+00
     znucl  0.63000000000000D+02  0.38000000000000D+02  0.30000000000000D+01
            0.13000000000000D+02  0.70000000000000D+01  0.80000000000000D+01
      zion  0.17000000000000D+02  0.10000000000000D+02  0.30000000000000D+01
            0.30000000000000D+01  0.50000000000000D+01  0.60000000000000D+01
 
 No information on the potentials yet 
 
 **** Database of total energy derivatives ****
 Number of data blocks=    2
  
 Total energy                 - # elements :       1
 -0.88951004777256D+03  0.00000000000000D+00
  
 1st derivatives              - # elements :     222
   1   1  0.00000000000000D+00  0.00000000000000D+00
   2   1  0.00000000000000D+00  0.00000000000000D+00
   3   1  0.00000000000000D+00  0.00000000000000D+00
   1   2  0.00000000000000D+00  0.00000000000000D+00
   2   2 -0.31554436208840D-29  0.00000000000000D+00
   3   2  0.26554671234449D-02  0.00000000000000D+00
   1   3  0.00000000000000D+00  0.00000000000000D+00
   2   3  0.00000000000000D+00  0.00000000000000D+00
   3   3  0.00000000000000D+00  0.00000000000000D+00
   1   4  0.00000000000000D+00  0.00000000000000D+00
   2   4  0.31554436208840D-29  0.00000000000000D+00
   3   4 -0.26554671234449D-02  0.00000000000000D+00
   1   5  0.00000000000000D+00  0.00000000000000D+00
   2   5  0.00000000000000D+00  0.00000000000000D+00
   3   5 -0.48294673250298D-03  0.00000000000000D+00
   1   6  0.00000000000000D+00  0.00000000000000D+00
   2   6  0.00000000000000D+00  0.00000000000000D+00
   3   6  0.48294673250298D-03  0.00000000000000D+00
   1   7  0.00000000000000D+00  0.00000000000000D+00
   2   7  0.00000000000000D+00  0.00000000000000D+00
   3   7 -0.40526151779008D-03  0.00000000000000D+00
   1   8  0.00000000000000D+00  0.00000000000000D+00
   2   8  0.00000000000000D+00  0.00000000000000D+00
   3   8  0.40526151779008D-03  0.00000000000000D+00
   1   9 -0.12579858714977D-03  0.00000000000000D+00
   2   9  0.97447982769217D-03  0.00000000000000D+00
   3   9  0.00000000000000D+00  0.00000000000000D+00
   1  10  0.17129976673587D-03  0.00000000000000D+00
   2  10  0.73129958036928D-03  0.00000000000000D+00
   3  10  0.52309146637295D-04  0.00000000000000D+00
   1  11 -0.42555967678164D-03  0.00000000000000D+00
   2  11  0.17811340477847D-03  0.00000000000000D+00
   3  11  0.00000000000000D+00  0.00000000000000D+00
   1  12  0.17129976673587D-03  0.00000000000000D+00
   2  12  0.73129958036928D-03  0.00000000000000D+00
   3  12 -0.52309146637295D-04  0.00000000000000D+00
   1  13  0.12579858714977D-03  0.00000000000000D+00
   2  13 -0.97447982769217D-03  0.00000000000000D+00
   3  13  0.00000000000000D+00  0.00000000000000D+00
   1  14 -0.17129976673587D-03  0.00000000000000D+00
   2  14 -0.73129958036928D-03  0.00000000000000D+00
   3  14  0.52309146637295D-04  0.00000000000000D+00
   1  15  0.42555967678164D-03  0.00000000000000D+00
   2  15 -0.17811340477847D-03  0.00000000000000D+00
   3  15  0.00000000000000D+00  0.00000000000000D+00
   1  16 -0.17129976673587D-03  0.00000000000000D+00
   2  16 -0.73129958036928D-03  0.00000000000000D+00
   3  16 -0.52309146637295D-04  0.00000000000000D+00
   1  17  0.62673749664971D-03  0.00000000000000D+00
   2  17  0.64033537676554D-04  0.00000000000000D+00
   3  17 -0.69486724953199D-03  0.00000000000000D+00
   1  18  0.62673749664971D-03  0.00000000000000D+00
   2  18  0.64033537676554D-04  0.00000000000000D+00
   3  18  0.69486724953199D-03  0.00000000000000D+00
   1  19  0.70227296362934D-03  0.00000000000000D+00
   2  19  0.45885149331696D-03  0.00000000000000D+00
   3  19 -0.11805398303568D-03  0.00000000000000D+00
   1  20  0.70227296362934D-03  0.00000000000000D+00
   2  20  0.45885149331696D-03  0.00000000000000D+00
   3  20  0.11805398303568D-03  0.00000000000000D+00
   1  21 -0.62673749664971D-03  0.00000000000000D+00
   2  21 -0.64033537676554D-04  0.00000000000000D+00
   3  21 -0.69486724953199D-03  0.00000000000000D+00
   1  22 -0.62673749664971D-03  0.00000000000000D+00
   2  22 -0.64033537676554D-04  0.00000000000000D+00
   3  22  0.69486724953199D-03  0.00000000000000D+00
   1  23 -0.70227296362934D-03  0.00000000000000D+00
   2  23 -0.45885149331696D-03  0.00000000000000D+00
   3  23 -0.11805398303568D-03  0.00000000000000D+00
   1  24 -0.70227296362934D-03  0.00000000000000D+00
   2  24 -0.45885149331696D-03  0.00000000000000D+00
   3  24  0.11805398303568D-03  0.00000000000000D+00
   1  25  0.91348008559951D-03  0.00000000000000D+00
   2  25 -0.15858780965419D-03  0.00000000000000D+00
   3  25 -0.11178332951190D-02  0.00000000000000D+00
   1  26  0.91348008559951D-03  0.00000000000000D+00
   2  26 -0.15858780965419D-03  0.00000000000000D+00
   3  26  0.11178332951190D-02  0.00000000000000D+00
   1  27  0.81878733335374D-05  0.00000000000000D+00
   2  27  0.31374890779699D-03  0.00000000000000D+00
   3  27 -0.14986270545307D-03  0.00000000000000D+00
   1  28  0.81878733335374D-05  0.00000000000000D+00
   2  28  0.31374890779699D-03  0.00000000000000D+00
   3  28  0.14986270545307D-03  0.00000000000000D+00
   1  29 -0.91348008559951D-03  0.00000000000000D+00
   2  29  0.15858780965419D-03  0.00000000000000D+00
   3  29 -0.11178332951190D-02  0.00000000000000D+00
   1  30 -0.91348008559951D-03  0.00000000000000D+00
   2  30  0.15858780965419D-03  0.00000000000000D+00
   3  30  0.11178332951190D-02  0.00000000000000D+00
   1  31 -0.81878733335374D-05  0.00000000000000D+00
   2  31 -0.31374890779699D-03  0.00000000000000D+00
   3  31 -0.14986270545307D-03  0.00000000000000D+00
   1  32 -0.81878733335374D-05  0.00000000000000D+00
   2  32 -0.31374890779699D-03  0.00000000000000D+00
   3  32  0.14986270545307D-03  0.00000000000000D+00
   1  33 -0.92106098123851D-03  0.00000000000000D+00
   2  33  0.11389816803570D-02  0.00000000000000D+00
   3  33  0.00000000000000D+00  0.00000000000000D+00
   1  34 -0.28752110485116D-03  0.00000000000000D+00
   2  34  0.86313036747705D-03  0.00000000000000D+00
   3  34  0.96329967501224D-03  0.00000000000000D+00
   1  35 -0.28383866684623D-03  0.00000000000000D+00
   2  35  0.67032103828017D-03  0.00000000000000D+00
   3  35  0.00000000000000D+00  0.00000000000000D+00
   1  36 -0.28752110485116D-03  0.00000000000000D+00
   2  36  0.86313036747705D-03  0.00000000000000D+00
   3  36 -0.96329967501224D-03  0.00000000000000D+00
   1  37  0.92106098123851D-03  0.00000000000000D+00
   2  37 -0.11389816803570D-02  0.00000000000000D+00
   3  37  0.00000000000000D+00  0.00000000000000D+00
   1  38  0.28752110485116D-03  0.00000000000000D+00
   2  38 -0.86313036747705D-03  0.00000000000000D+00
   3  38  0.96329967501224D-03  0.00000000000000D+00
   1  39  0.28383866684623D-03  0.00000000000000D+00
   2  39 -0.67032103828017D-03  0.00000000000000D+00
   3  39  0.00000000000000D+00  0.00000000000000D+00
   1  40  0.28752110485116D-03  0.00000000000000D+00
   2  40 -0.86313036747705D-03  0.00000000000000D+00
   3  40 -0.96329967501224D-03  0.00000000000000D+00
   1  41 -0.13213082057356D-03  0.00000000000000D+00
   2  41  0.31813727342533D-02  0.00000000000000D+00
   3  41  0.11742160741987D-01  0.00000000000000D+00
   1  42 -0.13213082057356D-03  0.00000000000000D+00
   2  42  0.31813727342533D-02  0.00000000000000D+00
   3  42 -0.11742160741987D-01  0.00000000000000D+00
   1  43 -0.56220383840257D-05  0.00000000000000D+00
   2  43  0.38894868251753D-02  0.00000000000000D+00
   3  43  0.24271529658767D-04  0.00000000000000D+00
   1  44 -0.56220383840257D-05  0.00000000000000D+00
   2  44  0.38894868251753D-02  0.00000000000000D+00
   3  44 -0.24271529658767D-04  0.00000000000000D+00
   1  45  0.13213082057356D-03  0.00000000000000D+00
   2  45 -0.31813727342533D-02  0.00000000000000D+00
   3  45  0.11742160741987D-01  0.00000000000000D+00
   1  46  0.13213082057356D-03  0.00000000000000D+00
   2  46 -0.31813727342533D-02  0.00000000000000D+00
   3  46 -0.11742160741987D-01  0.00000000000000D+00
   1  47  0.56220383840257D-05  0.00000000000000D+00
   2  47 -0.38894868251753D-02  0.00000000000000D+00
   3  47  0.24271529658767D-04  0.00000000000000D+00
   1  48  0.56220383840257D-05  0.00000000000000D+00
   2  48 -0.38894868251753D-02  0.00000000000000D+00
   3  48 -0.24271529658767D-04  0.00000000000000D+00
   1  49 -0.46801852976056D-02  0.00000000000000D+00
   2  49 -0.52382176212143D-03  0.00000000000000D+00
   3  49  0.00000000000000D+00  0.00000000000000D+00
   1  50 -0.43621109158969D-02  0.00000000000000D+00
   2  50 -0.49446950134429D-05  0.00000000000000D+00
   3  50 -0.86133357565372D-02  0.00000000000000D+00
   1  51 -0.42903475024929D-02  0.00000000000000D+00
   2  51  0.13974282465404D-02  0.00000000000000D+00
   3  51  0.00000000000000D+00  0.00000000000000D+00
   1  52 -0.43621109158969D-02  0.00000000000000D+00
   2  52 -0.49446950134429D-05  0.00000000000000D+00
   3  52  0.86133357565372D-02  0.00000000000000D+00
   1  53  0.46801852976056D-02  0.00000000000000D+00
   2  53  0.52382176212143D-03  0.00000000000000D+00
   3  53  0.00000000000000D+00  0.00000000000000D+00
   1  54  0.43621109158969D-02  0.00000000000000D+00
   2  54  0.49446950134429D-05  0.00000000000000D+00
   3  54 -0.86133357565372D-02  0.00000000000000D+00
   1  55  0.42903475024929D-02  0.00000000000000D+00
   2  55 -0.13974282465404D-02  0.00000000000000D+00
   3  55  0.00000000000000D+00  0.00000000000000D+00
   1  56  0.43621109158969D-02  0.00000000000000D+00
   2  56  0.49446950134429D-05  0.00000000000000D+00
   3  56  0.86133357565372D-02  0.00000000000000D+00
   1  57 -0.79203515203167D-03  0.00000000000000D+00
   2  57 -0.16978524060901D-02  0.00000000000000D+00
   3  57  0.13967672330885D-02  0.00000000000000D+00
   1  58 -0.79203515203167D-03  0.00000000000000D+00
   2  58 -0.16978524060901D-02  0.00000000000000D+00
   3  58 -0.13967672330885D-02  0.00000000000000D+00
   1  59  0.47749700135518D-03  0.00000000000000D+00
   2  59 -0.18547549030507D-02  0.00000000000000D+00
   3  59 -0.42240290642466D-03  0.00000000000000D+00
   1  60  0.47749700135518D-03  0.00000000000000D+00
   2  60 -0.18547549030507D-02  0.00000000000000D+00
   3  60  0.42240290642466D-03  0.00000000000000D+00
   1  61  0.79203515203167D-03  0.00000000000000D+00
   2  61  0.16978524060901D-02  0.00000000000000D+00
   3  61  0.13967672330885D-02  0.00000000000000D+00
   1  62  0.79203515203167D-03  0.00000000000000D+00
   2  62  0.16978524060901D-02  0.00000000000000D+00
   3  62 -0.13967672330885D-02  0.00000000000000D+00
   1  63 -0.47749700135518D-03  0.00000000000000D+00
   2  63  0.18547549030507D-02  0.00000000000000D+00
   3  63 -0.42240290642466D-03  0.00000000000000D+00
   1  64 -0.47749700135518D-03  0.00000000000000D+00
   2  64  0.18547549030507D-02  0.00000000000000D+00
   3  64  0.42240290642466D-03  0.00000000000000D+00
   1  65  0.13819195961092D-02  0.00000000000000D+00
   2  65  0.14234790617374D-02  0.00000000000000D+00
   3  65  0.00000000000000D+00  0.00000000000000D+00
   1  66  0.28140404001502D-02  0.00000000000000D+00
   2  66  0.11822001361144D-02  0.00000000000000D+00
   3  66 -0.24119081581615D-02  0.00000000000000D+00
   1  67  0.28383855359444D-02  0.00000000000000D+00
   2  67  0.13929746930889D-02  0.00000000000000D+00
   3  67  0.00000000000000D+00  0.00000000000000D+00
   1  68  0.28140404001502D-02  0.00000000000000D+00
   2  68  0.11822001361144D-02  0.00000000000000D+00
   3  68  0.24119081581615D-02  0.00000000000000D+00
   1  69 -0.13819195961092D-02  0.00000000000000D+00
   2  69 -0.14234790617374D-02  0.00000000000000D+00
   3  69  0.00000000000000D+00  0.00000000000000D+00
   1  70 -0.28140404001502D-02  0.00000000000000D+00
   2  70 -0.11822001361144D-02  0.00000000000000D+00
   3  70 -0.24119081581615D-02  0.00000000000000D+00
   1  71 -0.28383855359444D-02  0.00000000000000D+00
   2  71 -0.13929746930889D-02  0.00000000000000D+00
   3  71  0.00000000000000D+00  0.00000000000000D+00
   1  72 -0.28140404001502D-02  0.00000000000000D+00
   2  72 -0.11822001361144D-02  0.00000000000000D+00
   3  72  0.24119081581615D-02  0.00000000000000D+00
   1  75  0.44248605062304D-03  0.00000000000000D+00
   2  75  0.45363701238974D-03  0.00000000000000D+00
   3  75  0.48175223006532D-03  0.00000000000000D+00
   1  76  0.00000000000000D+00  0.00000000000000D+00
   2  76  0.00000000000000D+00  0.00000000000000D+00
   3  76  0.54687321922491D-05  0.00000000000000D+00
