 Fermi (or HOMO) energy (hartree) =   0.22433   Average Vxc (hartree)=  -0.37027
 Eigenvalues (hartree) for nkpt=   2  k points, SPIN UP:
 kpt#   1, nband=204, wtk=  0.50000, kpt=  0.2500  0.2500  0.2500 (reduced coord)
  -1.42208   -1.42198   -1.42179   -1.42176   -1.42170   -1.42155   -1.42146   -1.42145
  -1.42143   -1.42137   -1.42130   -1.42125   -1.42122   -1.42121   -1.42111   -1.42110
  -1.23039   -1.05151   -1.05139   -1.05002   -1.04948   -1.04789   -1.04743   -1.04636
  -0.47965   -0.47678   -0.46688   -0.45443   -0.45118   -0.45106   -0.44916   -0.44704
  -0.44498   -0.44213   -0.44025   -0.44005   -0.43839   -0.43748   -0.43573   -0.43242
  -0.43187   -0.42279   -0.42038   -0.40619   -0.40468   -0.40194   -0.39942   -0.39688
  -0.39550   -0.39461   -0.39357   -0.39177   -0.39120   -0.38757   -0.38601   -0.38395
  -0.38241   -0.37983   -0.37736   -0.37648   -0.37342   -0.37257   -0.37227   -0.36985
  -0.32511   -0.31773   -0.30576   -0.30175   -0.29777   -0.29595   -0.29419   -0.29331
  -0.28902   -0.28840   -0.28603   -0.28330   -0.27985   -0.27767   -0.27707   -0.27669
  -0.00985   -0.00862   -0.00545   -0.00253    0.00331    0.00552    0.00928    0.00972
   0.01132    0.01828    0.01991    0.02007    0.02227    0.03026    0.03320    0.03555
   0.03842    0.04430    0.04694    0.05198    0.05418    0.05808    0.06044    0.06080
   0.06219    0.06438    0.06487    0.06781    0.07009    0.07023    0.07186    0.07197
   0.07240    0.07608    0.07893    0.07964    0.08006    0.08205    0.08317    0.08425
   0.08575    0.08870    0.08962    0.08967    0.08989    0.09384    0.09435    0.09602
   0.09875    0.10165    0.10181    0.10382    0.10461    0.10520    0.10810    0.11007
   0.11031    0.11076    0.11434    0.11480    0.11823    0.11932    0.12208    0.12247
   0.12290    0.12693    0.12713    0.12761    0.12847    0.12981    0.13135    0.13267
   0.13290    0.13359    0.13472    0.13525    0.13654    0.13671    0.14090    0.14160
   0.14238    0.14278    0.14449    0.14846    0.14892    0.14961    0.15108    0.15430
   0.15475    0.15519    0.15569    0.15686    0.15732    0.16464    0.16935    0.17041
   0.21766    0.21772    0.21841    0.21844    0.21915    0.21939    0.22433    0.30696
   0.31973    0.32837    0.32985    0.33603    0.33953    0.34188    0.34227    0.34722
   0.35311    0.35573    0.36404    0.36714    0.37438    0.37585    0.37892    0.38127
   0.38204    0.38541    0.38615    0.39676
 kpt#   2, nband=204, wtk=  0.50000, kpt= -0.2500  0.2500  0.2500 (reduced coord)
  -1.42208   -1.42198   -1.42179   -1.42176   -1.42170   -1.42155   -1.42146   -1.42145
  -1.42143   -1.42137   -1.42130   -1.42125   -1.42122   -1.42121   -1.42111   -1.42110
  -1.23039   -1.05151   -1.05139   -1.05002   -1.04948   -1.04789   -1.04743   -1.04636
  -0.47964   -0.47682   -0.46673   -0.45459   -0.45125   -0.45115   -0.44924   -0.44697
  -0.44496   -0.44231   -0.44019   -0.43984   -0.43846   -0.43723   -0.43558   -0.43251
  -0.43184   -0.42247   -0.42088   -0.40637   -0.40447   -0.40204   -0.39960   -0.39640
  -0.39590   -0.39502   -0.39313   -0.39150   -0.39115   -0.38772   -0.38617   -0.38380
  -0.38232   -0.37993   -0.37718   -0.37651   -0.37357   -0.37240   -0.37220   -0.37011
  -0.32507   -0.31769   -0.30576   -0.30186   -0.29772   -0.29609   -0.29404   -0.29332
  -0.28904   -0.28836   -0.28602   -0.28327   -0.27988   -0.27768   -0.27707   -0.27668
  -0.00981   -0.00820   -0.00590   -0.00244    0.00323    0.00554    0.00955    0.00980
   0.01103    0.01800    0.01989    0.02023    0.02229    0.03004    0.03338    0.03554
   0.03833    0.04424    0.04695    0.05212    0.05420    0.05820    0.06033    0.06079
   0.06217    0.06457    0.06486    0.06800    0.07007    0.07039    0.07164    0.07195
   0.07240    0.07611    0.07896    0.07963    0.07999    0.08193    0.08307    0.08437
   0.08567    0.08898    0.08955    0.08959    0.08969    0.09390    0.09439    0.09607
   0.09866    0.10163    0.10189    0.10351    0.10482    0.10558    0.10813    0.10993
   0.11030    0.11080    0.11420    0.11448    0.11832    0.11942    0.12240    0.12267
   0.12285    0.12693    0.12722    0.12783    0.12865    0.12990    0.13153    0.13210
   0.13249    0.13355    0.13453    0.13491    0.13636    0.13739    0.14060    0.14161
   0.14197    0.14296    0.14447    0.14912    0.14928    0.14968    0.15107    0.15383
   0.15463    0.15545    0.15576    0.15658    0.15740    0.16465    0.16943    0.17041
   0.21768    0.21775    0.21839    0.21847    0.21921    0.21942    0.22432    0.30666
   0.32203    0.32691    0.32933    0.33675    0.33951    0.34162    0.34236    0.34678
   0.35393    0.35781    0.36111    0.36749    0.37272    0.37656    0.37745    0.38038
   0.38216    0.38546    0.38563    0.39869
 Eigenvalues (hartree) for nkpt=   2  k points, SPIN DOWN:
 kpt#   1, nband=204, wtk=  0.50000, kpt=  0.2500  0.2500  0.2500 (reduced coord)
  -1.42207   -1.42198   -1.42179   -1.42176   -1.42170   -1.42156   -1.42146   -1.42144
  -1.42144   -1.42137   -1.42130   -1.42124   -1.42122   -1.42120   -1.42111   -1.42110
  -1.11716   -1.05150   -1.05133   -1.05002   -1.04937   -1.04789   -1.04738   -1.04636
  -0.45479   -0.45378   -0.45121   -0.45026   -0.44940   -0.44851   -0.44533   -0.44404
  -0.44035   -0.43957   -0.43954   -0.43805   -0.43745   -0.43573   -0.43207   -0.43169
  -0.40668   -0.40494   -0.40229   -0.40080   -0.39691   -0.39612   -0.39549   -0.39465
  -0.39182   -0.39121   -0.39055   -0.38615   -0.38595   -0.38437   -0.38243   -0.38038
  -0.37990   -0.37858   -0.37355   -0.37277   -0.37235   -0.36982   -0.36590   -0.36268
  -0.32472   -0.31725   -0.30538   -0.30140   -0.29694   -0.29557   -0.29358   -0.29324
  -0.28845   -0.28835   -0.28604   -0.28311   -0.27961   -0.27703   -0.27685   -0.27612
  -0.00964   -0.00829   -0.00535   -0.00235    0.00352    0.00565    0.00950    0.01006
   0.01144    0.01836    0.01999    0.02038    0.02249    0.03052    0.03348    0.03588
   0.03860    0.04444    0.04724    0.05238    0.05444    0.05821    0.06076    0.06113
   0.06242    0.06483    0.06507    0.06811    0.07027    0.07047    0.07210    0.07222
   0.07265    0.07630    0.07910    0.07998    0.08029    0.08232    0.08342    0.08459
   0.08600    0.08902    0.08979    0.08993    0.09009    0.09414    0.09475    0.09630
   0.09898    0.10200    0.10208    0.10397    0.10489    0.10585    0.10821    0.11041
   0.11072    0.11089    0.11440    0.11498    0.11841    0.11964    0.12245    0.12288
   0.12314    0.12724    0.12741    0.12783    0.12874    0.13009    0.13191    0.13297
   0.13306    0.13388    0.13507    0.13537    0.13678    0.13698    0.14122    0.14182
   0.14248    0.14311    0.14476    0.14907    0.14957    0.14996    0.15142    0.15462
   0.15499    0.15584    0.15605    0.15738    0.15758    0.16539    0.16995    0.17090
   0.31330    0.32348    0.33068    0.33457    0.33953    0.34004    0.34241    0.34334
   0.34879    0.35737    0.35832    0.36451    0.36829    0.37553    0.37772    0.38119
   0.38155    0.38541    0.38651    0.38680    0.39953    0.40081    0.40223    0.40477
   0.41072    0.41459    0.41876    0.41914
 kpt#   2, nband=204, wtk=  0.50000, kpt= -0.2500  0.2500  0.2500 (reduced coord)
  -1.42207   -1.42198   -1.42179   -1.42176   -1.42170   -1.42156   -1.42146   -1.42144
  -1.42144   -1.42137   -1.42130   -1.42124   -1.42122   -1.42120   -1.42111   -1.42110
  -1.11716   -1.05150   -1.05133   -1.05002   -1.04937   -1.04789   -1.04738   -1.04636
  -0.45459   -0.45397   -0.45126   -0.45021   -0.44925   -0.44865   -0.44537   -0.44402
  -0.44016   -0.43972   -0.43964   -0.43799   -0.43748   -0.43572   -0.43201   -0.43174
  -0.40674   -0.40487   -0.40239   -0.40076   -0.39648   -0.39601   -0.39583   -0.39474
  -0.39152   -0.39136   -0.39098   -0.38625   -0.38569   -0.38420   -0.38223   -0.38044
  -0.38003   -0.37850   -0.37367   -0.37264   -0.37236   -0.37016   -0.36590   -0.36252
  -0.32470   -0.31724   -0.30538   -0.30156   -0.29680   -0.29566   -0.29347   -0.29322
  -0.28847   -0.28831   -0.28606   -0.28309   -0.27963   -0.27705   -0.27687   -0.27613
  -0.00961   -0.00805   -0.00558   -0.00227    0.00354    0.00567    0.00970    0.00995
   0.01129    0.01831    0.02009    0.02034    0.02238    0.03047    0.03349    0.03587
   0.03852    0.04447    0.04721    0.05241    0.05439    0.05830    0.06061    0.06112
   0.06249    0.06472    0.06508    0.06817    0.07033    0.07054    0.07216    0.07226
   0.07259    0.07634    0.07927    0.08000    0.08018    0.08226    0.08329    0.08456
   0.08601    0.08933    0.08980    0.08992    0.09022    0.09416    0.09459    0.09643
   0.09901    0.10193    0.10209    0.10425    0.10497    0.10570    0.10832    0.11027
   0.11051    0.11101    0.11431    0.11479    0.11846    0.11960    0.12280    0.12292
   0.12316    0.12728    0.12752    0.12797    0.12880    0.13006    0.13171    0.13269
   0.13292    0.13372    0.13483    0.13518    0.13677    0.13759    0.14077    0.14180
   0.14218    0.14320    0.14485    0.14938    0.14973    0.15024    0.15124    0.15463
   0.15491    0.15567    0.15599    0.15748    0.15774    0.16540    0.17012    0.17104
   0.31347    0.32363    0.33050    0.33458    0.33952    0.34010    0.34237    0.34333
   0.34926    0.35731    0.35838    0.36418    0.36843    0.37561    0.37777    0.38009
   0.38142    0.38514    0.38642    0.38695    0.39931    0.40036    0.40251    0.40501
   0.41046    0.41422    0.41849    0.41867
