 Fermi (or HOMO) energy (hartree) =   0.28569   Average Vxc (hartree)=  -0.37068
 Eigenvalues (hartree) for nkpt=   2  k points, SPIN UP:
 kpt#   1, nband=204, wtk=  0.50000, kpt=  0.2500  0.2500  0.2500 (reduced coord)
  -1.42465   -1.42464   -1.42459   -1.42458   -1.42227   -1.42222   -1.42211   -1.42211
  -1.42051   -1.42047   -1.42045   -1.42043   -1.42036   -1.42035   -1.41850   -1.41847
  -1.34886   -1.05135   -1.04967   -1.04763   -1.04593   -1.04556   -1.03645   -1.03605
  -0.56183   -0.56021   -0.55810   -0.45481   -0.45122   -0.44936   -0.44780   -0.44530
  -0.44426   -0.44248   -0.44057   -0.44035   -0.43886   -0.43659   -0.43568   -0.43481
  -0.43304   -0.43208   -0.42965   -0.40537   -0.40156   -0.39898   -0.39582   -0.39530
  -0.39173   -0.39155   -0.38983   -0.38939   -0.38630   -0.38562   -0.38212   -0.37966
  -0.37839   -0.37749   -0.37311   -0.37205   -0.36968   -0.36889   -0.36826   -0.36681
  -0.32578   -0.31773   -0.30612   -0.30342   -0.29899   -0.29597   -0.29431   -0.29340
  -0.28995   -0.28846   -0.28625   -0.28328   -0.28031   -0.28013   -0.27691   -0.27538
  -0.01923   -0.01851   -0.01729   -0.01059   -0.00988   -0.00503   -0.00199    0.00355
   0.00577    0.00786    0.00941    0.01032    0.01154    0.01259    0.01571    0.01816
   0.01951    0.02073    0.02344    0.02977    0.03274    0.03512    0.03787    0.04442
   0.04613    0.05145    0.05346    0.05734    0.05973    0.06009    0.06178    0.06372
   0.06476    0.06679    0.06959    0.06997    0.07108    0.07159    0.07277    0.07587
   0.07862    0.07923    0.07959    0.08096    0.08310    0.08370    0.08498    0.08808
   0.08914    0.08968    0.09046    0.09345    0.09486    0.09610    0.09862    0.10089
   0.10202    0.10336    0.10441    0.10489    0.10798    0.10984    0.11055    0.11080
   0.11442    0.11483    0.11796    0.11865    0.12080    0.12146    0.12353    0.12647
   0.12691    0.12723    0.12832    0.13018    0.13071    0.13198    0.13319    0.13355
   0.13502    0.13539    0.13652    0.13671    0.14086    0.14135    0.14238    0.14277
   0.14439    0.14735    0.14772    0.15036    0.15128    0.15387    0.15413    0.15571
   0.15687    0.15736    0.15807    0.16457    0.16851    0.17158    0.21396    0.28569
   0.30191    0.32018    0.32830    0.33359    0.33839    0.34160    0.34282    0.34551
   0.34951    0.35480    0.36344    0.36551    0.36885    0.37171    0.37554    0.38054
   0.38060    0.38428    0.38547    0.39028
 kpt#   2, nband=204, wtk=  0.50000, kpt= -0.2500  0.2500  0.2500 (reduced coord)
  -1.42465   -1.42464   -1.42459   -1.42458   -1.42227   -1.42222   -1.42211   -1.42211
  -1.42051   -1.42047   -1.42045   -1.42043   -1.42036   -1.42035   -1.41850   -1.41847
  -1.34886   -1.05135   -1.04967   -1.04763   -1.04593   -1.04556   -1.03645   -1.03605
  -0.56183   -0.56021   -0.55810   -0.45476   -0.45124   -0.44929   -0.44800   -0.44527
  -0.44413   -0.44265   -0.44042   -0.44017   -0.43899   -0.43688   -0.43598   -0.43448
  -0.43269   -0.43199   -0.42986   -0.40573   -0.40165   -0.39869   -0.39559   -0.39553
  -0.39226   -0.39118   -0.38992   -0.38904   -0.38591   -0.38578   -0.38195   -0.37968
  -0.37834   -0.37765   -0.37332   -0.37204   -0.37000   -0.36882   -0.36824   -0.36664
  -0.32575   -0.31770   -0.30614   -0.30343   -0.29909   -0.29612   -0.29426   -0.29330
  -0.28992   -0.28844   -0.28618   -0.28328   -0.28034   -0.28015   -0.27689   -0.27539
  -0.01935   -0.01865   -0.01731   -0.01033   -0.00846   -0.00608   -0.00202    0.00321
   0.00570    0.00890    0.00912    0.00979    0.01144    0.01213    0.01582    0.01721
   0.02017    0.02126    0.02297    0.02939    0.03326    0.03525    0.03778    0.04431
   0.04665    0.05183    0.05391    0.05734    0.05866    0.05972    0.06264    0.06378
   0.06483    0.06709    0.06857    0.07018    0.07100    0.07133    0.07275    0.07605
   0.07836    0.07924    0.08007    0.08134    0.08278    0.08390    0.08511    0.08877
   0.08925    0.08941    0.09048    0.09338    0.09406    0.09603    0.09836    0.10074
   0.10218    0.10358    0.10509    0.10553    0.10805    0.10956    0.11032    0.11061
   0.11379    0.11428    0.11789    0.11930    0.12173    0.12246    0.12327    0.12621
   0.12644    0.12788    0.12869    0.12988    0.13053    0.13131    0.13193    0.13326
   0.13481    0.13500    0.13625    0.13763    0.13994    0.14122    0.14216    0.14293
   0.14423    0.14847    0.14927    0.15015    0.15104    0.15312    0.15436    0.15573
   0.15643    0.15717    0.15856    0.16492    0.16865    0.17169    0.21399    0.28546
   0.30266    0.32065    0.32706    0.33515    0.33860    0.34113    0.34265    0.34464
   0.35164    0.35759    0.35971    0.36453    0.36615    0.37149    0.37510    0.37809
   0.38076    0.38262    0.38593    0.39245
 Eigenvalues (hartree) for nkpt=   2  k points, SPIN DOWN:
 kpt#   1, nband=204, wtk=  0.50000, kpt=  0.2500  0.2500  0.2500 (reduced coord)
  -1.42466   -1.42465   -1.42460   -1.42460   -1.42226   -1.42220   -1.42209   -1.42209
  -1.42051   -1.42046   -1.42045   -1.42042   -1.42036   -1.42035   -1.41850   -1.41847
  -1.24273   -1.05129   -1.04959   -1.04757   -1.04585   -1.04502   -1.03489   -1.03454
  -0.49360   -0.48433   -0.48202   -0.45464   -0.45112   -0.44927   -0.44742   -0.44518
  -0.44398   -0.44129   -0.44028   -0.44002   -0.43874   -0.43651   -0.43446   -0.43287
  -0.43201   -0.42495   -0.42482   -0.40528   -0.40145   -0.39833   -0.39566   -0.39518
  -0.39144   -0.39132   -0.38845   -0.38801   -0.38565   -0.38488   -0.38198   -0.37950
  -0.37786   -0.37358   -0.37296   -0.37193   -0.36957   -0.36783   -0.36595   -0.36485
  -0.32569   -0.31763   -0.30601   -0.30320   -0.29874   -0.29595   -0.29448   -0.29341
  -0.29005   -0.28846   -0.28629   -0.28327   -0.28035   -0.27994   -0.27694   -0.27534
  -0.01067   -0.00881   -0.00520   -0.00228    0.00332    0.00552    0.00910    0.00983
   0.01134    0.01715    0.01887    0.02063    0.02337    0.03021    0.03308    0.03539
   0.03789    0.04442    0.04657    0.05213    0.05385    0.05744    0.06006    0.06040
   0.06205    0.06464    0.06493    0.06716    0.06963    0.07020    0.07138    0.07185
   0.07299    0.07609    0.07873    0.07942    0.07973    0.08131    0.08314    0.08393
   0.08524    0.08825    0.08906    0.08975    0.09065    0.09346    0.09501    0.09628
   0.09874    0.10122    0.10211    0.10358    0.10469    0.10504    0.10805    0.10982
   0.11054    0.11087    0.11435    0.11493    0.11795    0.11883    0.12079    0.12169
   0.12363    0.12641    0.12666    0.12730    0.12838    0.13024    0.13102    0.13195
   0.13321    0.13355    0.13511    0.13548    0.13660    0.13677    0.14086    0.14132
   0.14247    0.14275    0.14443    0.14747    0.14830    0.15042    0.15121    0.15389
   0.15420    0.15571    0.15698    0.15750    0.15805    0.16482    0.16864    0.17173
   0.31449    0.32352    0.32745    0.33143    0.33504    0.34035    0.34211    0.34386
   0.34497    0.34840    0.35664    0.36009    0.36472    0.36728    0.37423    0.37631
   0.37788    0.37939    0.38302    0.38543    0.38705    0.38994    0.39113    0.39313
   0.39492    0.39783    0.39958    0.40005
 kpt#   2, nband=204, wtk=  0.50000, kpt= -0.2500  0.2500  0.2500 (reduced coord)
  -1.42466   -1.42465   -1.42460   -1.42460   -1.42226   -1.42220   -1.42209   -1.42209
  -1.42051   -1.42046   -1.42045   -1.42042   -1.42036   -1.42035   -1.41850   -1.41847
  -1.24273   -1.05129   -1.04959   -1.04757   -1.04585   -1.04502   -1.03489   -1.03454
  -0.49362   -0.48430   -0.48201   -0.45472   -0.45112   -0.44925   -0.44761   -0.44514
  -0.44381   -0.44147   -0.44028   -0.43975   -0.43874   -0.43675   -0.43401   -0.43307
  -0.43195   -0.42532   -0.42458   -0.40560   -0.40152   -0.39807   -0.39548   -0.39538
  -0.39193   -0.39108   -0.38814   -0.38780   -0.38584   -0.38462   -0.38179   -0.37960
  -0.37780   -0.37370   -0.37314   -0.37192   -0.36991   -0.36775   -0.36578   -0.36485
  -0.32566   -0.31761   -0.30602   -0.30329   -0.29874   -0.29610   -0.29444   -0.29331
  -0.29001   -0.28844   -0.28624   -0.28327   -0.28037   -0.27997   -0.27693   -0.27535
  -0.01059   -0.00812   -0.00608   -0.00224    0.00342    0.00551    0.00944    0.00990
   0.01084    0.01643    0.01943    0.02114    0.02288    0.03008    0.03327    0.03548
   0.03788    0.04443    0.04681    0.05226    0.05403    0.05749    0.05931    0.05994
   0.06277    0.06421    0.06492    0.06731    0.06892    0.07082    0.07117    0.07194
   0.07293    0.07621    0.07865    0.07929    0.08024    0.08172    0.08286    0.08406
   0.08540    0.08858    0.08938    0.08965    0.09071    0.09360    0.09431    0.09627
   0.09844    0.10102    0.10220    0.10370    0.10514    0.10557    0.10804    0.10950
   0.11041    0.11071    0.11382    0.11427    0.11786    0.11926    0.12204    0.12264
   0.12340    0.12621    0.12644    0.12782    0.12871    0.12989    0.13092    0.13131
   0.13208    0.13327    0.13494    0.13504    0.13637    0.13772    0.14000    0.14124
   0.14212    0.14293    0.14430    0.14845    0.14967    0.15012    0.15105    0.15324
   0.15450    0.15584    0.15649    0.15725    0.15856    0.16510    0.16869    0.17184
   0.31537    0.32359    0.32578    0.33222    0.33561    0.34025    0.34203    0.34363
   0.34528    0.34991    0.35576    0.35906    0.36494    0.36759    0.37277    0.37665
   0.37790    0.37947    0.38312    0.38416    0.38667    0.39059    0.39210    0.39269
   0.39579    0.39708    0.39926    0.40118
