
 **** DERIVATIVE DATABASE ****    
+DDB, Version number    100401

  Note : temporary (transfer) database

    usepaw         1
     natom        72
      nkpt         2
    nsppol         2
      nsym         4
    ntypat         6
    occopt         2
     nband       204  204
     acell  0.10000000000000D+01  0.10000000000000D+01  0.10000000000000D+01
       amu  0.15196500000000D+03  0.87620000000000D+02  0.69410000000000D+01
            0.26981539000000D+02  0.14006740000000D+02  0.15999400000000D+02
   dilatmx  0.10500000000000D+01
      ecut  0.15000000000000D+02
 pawecutdg  0.30000000000000D+02
    ecutsm  0.50000000000000D+00
     intxc         0
      iscf        17
       ixc   -101130
       kpt  0.25000000000000D+00  0.25000000000000D+00  0.25000000000000D+00
           -0.25000000000000D+00  0.25000000000000D+00  0.25000000000000D+00
    kptnrm  0.10000000000000D+01
     ngfft        60   60   90
    nspden         2
   nspinor         1
       occ  0.10000000000000D+01  0.10000000000000D+01  0.10000000000000D+01
            0.10000000000000D+01  0.10000000000000D+01  0.10000000000000D+01
            0.10000000000000D+01  0.10000000000000D+01  0.10000000000000D+01
            0.10000000000000D+01  0.10000000000000D+01  0.10000000000000D+01
            0.10000000000000D+01  0.10000000000000D+01  0.10000000000000D+01
            0.10000000000000D+01  0.10000000000000D+01  0.10000000000000D+01
            0.10000000000000D+01  0.10000000000000D+01  0.10000000000000D+01
            0.10000000000000D+01  0.10000000000000D+01  0.10000000000000D+01
            0.10000000000000D+01  0.10000000000000D+01  0.10000000000000D+01
            0.10000000000000D+01  0.10000000000000D+01  0.10000000000000D+01
            0.10000000000000D+01  0.10000000000000D+01  0.10000000000000D+01
            0.10000000000000D+01  0.10000000000000D+01  0.10000000000000D+01
            0.10000000000000D+01  0.10000000000000D+01  0.10000000000000D+01
            0.10000000000000D+01  0.10000000000000D+01  0.10000000000000D+01
            0.10000000000000D+01  0.10000000000000D+01  0.10000000000000D+01
            0.10000000000000D+01  0.10000000000000D+01  0.10000000000000D+01
            0.10000000000000D+01  0.10000000000000D+01  0.10000000000000D+01
            0.10000000000000D+01  0.10000000000000D+01  0.10000000000000D+01
            0.10000000000000D+01  0.10000000000000D+01  0.10000000000000D+01
            0.10000000000000D+01  0.10000000000000D+01  0.10000000000000D+01
            0.10000000000000D+01  0.10000000000000D+01  0.10000000000000D+01
            0.10000000000000D+01  0.10000000000000D+01  0.10000000000000D+01
            0.10000000000000D+01  0.10000000000000D+01  0.10000000000000D+01
            0.10000000000000D+01  0.10000000000000D+01  0.10000000000000D+01
            0.10000000000000D+01  0.10000000000000D+01  0.10000000000000D+01
            0.10000000000000D+01  0.10000000000000D+01  0.10000000000000D+01
            0.10000000000000D+01  0.10000000000000D+01  0.10000000000000D+01
            0.10000000000000D+01  0.10000000000000D+01  0.10000000000000D+01
            0.10000000000000D+01  0.10000000000000D+01  0.10000000000000D+01
            0.10000000000000D+01  0.10000000000000D+01  0.10000000000000D+01
            0.10000000000000D+01  0.10000000000000D+01  0.10000000000000D+01
            0.10000000000000D+01  0.10000000000000D+01  0.10000000000000D+01
            0.10000000000000D+01  0.10000000000000D+01  0.10000000000000D+01
            0.10000000000000D+01  0.10000000000000D+01  0.10000000000000D+01
            0.10000000000000D+01  0.10000000000000D+01  0.10000000000000D+01
            0.10000000000000D+01  0.10000000000000D+01  0.10000000000000D+01
            0.10000000000000D+01  0.10000000000000D+01  0.10000000000000D+01
            0.10000000000000D+01  0.10000000000000D+01  0.10000000000000D+01
            0.10000000000000D+01  0.10000000000000D+01  0.10000000000000D+01
            0.10000000000000D+01  0.10000000000000D+01  0.10000000000000D+01
            0.10000000000000D+01  0.10000000000000D+01  0.10000000000000D+01
            0.10000000000000D+01  0.10000000000000D+01  0.10000000000000D+01
            0.10000000000000D+01  0.10000000000000D+01  0.10000000000000D+01
            0.10000000000000D+01  0.10000000000000D+01  0.10000000000000D+01
            0.10000000000000D+01  0.10000000000000D+01  0.10000000000000D+01
            0.10000000000000D+01  0.10000000000000D+01  0.10000000000000D+01
            0.10000000000000D+01  0.10000000000000D+01  0.10000000000000D+01
            0.10000000000000D+01  0.10000000000000D+01  0.10000000000000D+01
            0.10000000000000D+01  0.10000000000000D+01  0.10000000000000D+01
            0.10000000000000D+01  0.10000000000000D+01  0.10000000000000D+01
            0.10000000000000D+01  0.10000000000000D+01  0.10000000000000D+01
            0.10000000000000D+01  0.10000000000000D+01  0.10000000000000D+01
            0.10000000000000D+01  0.10000000000000D+01  0.10000000000000D+01
            0.10000000000000D+01  0.10000000000000D+01  0.10000000000000D+01
            0.10000000000000D+01  0.10000000000000D+01  0.10000000000000D+01
            0.10000000000000D+01  0.10000000000000D+01  0.10000000000000D+01
            0.10000000000000D+01  0.10000000000000D+01  0.10000000000000D+01
            0.10000000000000D+01  0.10000000000000D+01  0.10000000000000D+01
            0.10000000000000D+01  0.10000000000000D+01  0.10000000000000D+01
            0.10000000000000D+01  0.10000000000000D+01  0.10000000000000D+01
            0.10000000000000D+01  0.10000000000000D+01  0.00000000000000D+00
            0.10000000000000D+01  0.00000000000000D+00  0.00000000000000D+00
            0.00000000000000D+00  0.00000000000000D+00  0.00000000000000D+00
            0.00000000000000D+00  0.00000000000000D+00  0.00000000000000D+00
            0.00000000000000D+00  0.00000000000000D+00  0.00000000000000D+00
            0.00000000000000D+00  0.00000000000000D+00  0.00000000000000D+00
            0.00000000000000D+00  0.00000000000000D+00  0.00000000000000D+00
            0.00000000000000D+00  0.00000000000000D+00  0.00000000000000D+00
            0.10000000000000D+01  0.10000000000000D+01  0.10000000000000D+01
            0.10000000000000D+01  0.10000000000000D+01  0.10000000000000D+01
            0.10000000000000D+01  0.10000000000000D+01  0.10000000000000D+01
            0.10000000000000D+01  0.10000000000000D+01  0.10000000000000D+01
            0.10000000000000D+01  0.10000000000000D+01  0.10000000000000D+01
            0.10000000000000D+01  0.10000000000000D+01  0.10000000000000D+01
            0.10000000000000D+01  0.10000000000000D+01  0.10000000000000D+01
            0.10000000000000D+01  0.10000000000000D+01  0.10000000000000D+01
            0.10000000000000D+01  0.10000000000000D+01  0.10000000000000D+01
            0.10000000000000D+01  0.10000000000000D+01  0.10000000000000D+01
            0.10000000000000D+01  0.10000000000000D+01  0.10000000000000D+01
            0.10000000000000D+01  0.10000000000000D+01  0.10000000000000D+01
            0.10000000000000D+01  0.10000000000000D+01  0.10000000000000D+01
            0.10000000000000D+01  0.10000000000000D+01  0.10000000000000D+01
            0.10000000000000D+01  0.10000000000000D+01  0.10000000000000D+01
            0.10000000000000D+01  0.10000000000000D+01  0.10000000000000D+01
            0.10000000000000D+01  0.10000000000000D+01  0.10000000000000D+01
            0.10000000000000D+01  0.10000000000000D+01  0.10000000000000D+01
            0.10000000000000D+01  0.10000000000000D+01  0.10000000000000D+01
            0.10000000000000D+01  0.10000000000000D+01  0.10000000000000D+01
            0.10000000000000D+01  0.10000000000000D+01  0.10000000000000D+01
            0.10000000000000D+01  0.10000000000000D+01  0.10000000000000D+01
            0.10000000000000D+01  0.10000000000000D+01  0.10000000000000D+01
            0.10000000000000D+01  0.10000000000000D+01  0.10000000000000D+01
            0.10000000000000D+01  0.10000000000000D+01  0.10000000000000D+01
            0.10000000000000D+01  0.10000000000000D+01  0.10000000000000D+01
            0.10000000000000D+01  0.10000000000000D+01  0.10000000000000D+01
            0.10000000000000D+01  0.10000000000000D+01  0.10000000000000D+01
            0.10000000000000D+01  0.10000000000000D+01  0.10000000000000D+01
            0.10000000000000D+01  0.10000000000000D+01  0.10000000000000D+01
            0.10000000000000D+01  0.10000000000000D+01  0.10000000000000D+01
            0.10000000000000D+01  0.10000000000000D+01  0.10000000000000D+01
            0.10000000000000D+01  0.10000000000000D+01  0.10000000000000D+01
            0.10000000000000D+01  0.10000000000000D+01  0.10000000000000D+01
            0.10000000000000D+01  0.10000000000000D+01  0.10000000000000D+01
            0.10000000000000D+01  0.10000000000000D+01  0.10000000000000D+01
            0.10000000000000D+01  0.10000000000000D+01  0.10000000000000D+01
            0.10000000000000D+01  0.10000000000000D+01  0.10000000000000D+01
            0.10000000000000D+01  0.10000000000000D+01  0.10000000000000D+01
            0.10000000000000D+01  0.10000000000000D+01  0.10000000000000D+01
            0.10000000000000D+01  0.10000000000000D+01  0.10000000000000D+01
            0.10000000000000D+01  0.10000000000000D+01  0.10000000000000D+01
            0.10000000000000D+01  0.10000000000000D+01  0.10000000000000D+01
            0.10000000000000D+01  0.10000000000000D+01  0.10000000000000D+01
            0.10000000000000D+01  0.10000000000000D+01  0.10000000000000D+01
            0.10000000000000D+01  0.10000000000000D+01  0.10000000000000D+01
            0.10000000000000D+01  0.10000000000000D+01  0.10000000000000D+01
            0.10000000000000D+01  0.10000000000000D+01  0.10000000000000D+01
            0.10000000000000D+01  0.10000000000000D+01  0.10000000000000D+01
            0.10000000000000D+01  0.10000000000000D+01  0.10000000000000D+01
            0.10000000000000D+01  0.10000000000000D+01  0.10000000000000D+01
            0.10000000000000D+01  0.10000000000000D+01  0.10000000000000D+01
            0.10000000000000D+01  0.10000000000000D+01  0.10000000000000D+01
            0.10000000000000D+01  0.10000000000000D+01  0.10000000000000D+01
            0.10000000000000D+01  0.10000000000000D+01  0.10000000000000D+01
            0.10000000000000D+01  0.10000000000000D+01  0.10000000000000D+01
            0.10000000000000D+01  0.10000000000000D+01  0.10000000000000D+01
            0.10000000000000D+01  0.10000000000000D+01  0.10000000000000D+01
            0.10000000000000D+01  0.10000000000000D+01  0.10000000000000D+01
            0.10000000000000D+01  0.10000000000000D+01  0.10000000000000D+01
            0.10000000000000D+01  0.10000000000000D+01  0.00000000000000D+00
            0.10000000000000D+01  0.00000000000000D+00  0.00000000000000D+00
            0.00000000000000D+00  0.00000000000000D+00  0.00000000000000D+00
            0.00000000000000D+00  0.00000000000000D+00  0.00000000000000D+00
            0.00000000000000D+00  0.00000000000000D+00  0.00000000000000D+00
            0.00000000000000D+00  0.00000000000000D+00  0.00000000000000D+00
            0.00000000000000D+00  0.00000000000000D+00  0.00000000000000D+00
            0.00000000000000D+00  0.00000000000000D+00  0.00000000000000D+00
     rprim  0.15139044928400D+02  0.38157104200000D-01  0.00000000000000D+00
            0.38157104200000D-01  0.15138926862300D+02  0.00000000000000D+00
            0.00000000000000D+00  0.00000000000000D+00  0.24286034967900D+02
  dfpt_sciss  0.00000000000000D+00
    spinat  0.00000000000000D+00  0.00000000000000D+00  0.70000000000000D+01
            0.00000000000000D+00  0.00000000000000D+00  0.00000000000000D+00
            0.00000000000000D+00  0.00000000000000D+00  0.00000000000000D+00
            0.00000000000000D+00  0.00000000000000D+00  0.00000000000000D+00
            0.00000000000000D+00  0.00000000000000D+00  0.00000000000000D+00
            0.00000000000000D+00  0.00000000000000D+00  0.00000000000000D+00
            0.00000000000000D+00  0.00000000000000D+00  0.00000000000000D+00
            0.00000000000000D+00  0.00000000000000D+00  0.00000000000000D+00
            0.00000000000000D+00  0.00000000000000D+00  0.00000000000000D+00
            0.00000000000000D+00  0.00000000000000D+00  0.00000000000000D+00
            0.00000000000000D+00  0.00000000000000D+00  0.00000000000000D+00
            0.00000000000000D+00  0.00000000000000D+00  0.00000000000000D+00
            0.00000000000000D+00  0.00000000000000D+00  0.00000000000000D+00
            0.00000000000000D+00  0.00000000000000D+00  0.00000000000000D+00
            0.00000000000000D+00  0.00000000000000D+00  0.00000000000000D+00
            0.00000000000000D+00  0.00000000000000D+00  0.00000000000000D+00
            0.00000000000000D+00  0.00000000000000D+00  0.00000000000000D+00
            0.00000000000000D+00  0.00000000000000D+00  0.00000000000000D+00
            0.00000000000000D+00  0.00000000000000D+00  0.00000000000000D+00
            0.00000000000000D+00  0.00000000000000D+00  0.00000000000000D+00
            0.00000000000000D+00  0.00000000000000D+00  0.00000000000000D+00
            0.00000000000000D+00  0.00000000000000D+00  0.00000000000000D+00
            0.00000000000000D+00  0.00000000000000D+00  0.00000000000000D+00
            0.00000000000000D+00  0.00000000000000D+00  0.00000000000000D+00
            0.00000000000000D+00  0.00000000000000D+00  0.00000000000000D+00
            0.00000000000000D+00  0.00000000000000D+00  0.00000000000000D+00
            0.00000000000000D+00  0.00000000000000D+00  0.00000000000000D+00
            0.00000000000000D+00  0.00000000000000D+00  0.00000000000000D+00
            0.00000000000000D+00  0.00000000000000D+00  0.00000000000000D+00
            0.00000000000000D+00  0.00000000000000D+00  0.00000000000000D+00
            0.00000000000000D+00  0.00000000000000D+00  0.00000000000000D+00
            0.00000000000000D+00  0.00000000000000D+00  0.00000000000000D+00
            0.00000000000000D+00  0.00000000000000D+00  0.00000000000000D+00
            0.00000000000000D+00  0.00000000000000D+00  0.00000000000000D+00
            0.00000000000000D+00  0.00000000000000D+00  0.00000000000000D+00
            0.00000000000000D+00  0.00000000000000D+00  0.00000000000000D+00
            0.00000000000000D+00  0.00000000000000D+00  0.00000000000000D+00
            0.00000000000000D+00  0.00000000000000D+00  0.00000000000000D+00
            0.00000000000000D+00  0.00000000000000D+00  0.00000000000000D+00
            0.00000000000000D+00  0.00000000000000D+00  0.00000000000000D+00
            0.00000000000000D+00  0.00000000000000D+00  0.00000000000000D+00
            0.00000000000000D+00  0.00000000000000D+00  0.00000000000000D+00
            0.00000000000000D+00  0.00000000000000D+00  0.00000000000000D+00
            0.00000000000000D+00  0.00000000000000D+00  0.00000000000000D+00
            0.00000000000000D+00  0.00000000000000D+00  0.00000000000000D+00
            0.00000000000000D+00  0.00000000000000D+00  0.00000000000000D+00
            0.00000000000000D+00  0.00000000000000D+00  0.00000000000000D+00
            0.00000000000000D+00  0.00000000000000D+00  0.00000000000000D+00
            0.00000000000000D+00  0.00000000000000D+00  0.00000000000000D+00
            0.00000000000000D+00  0.00000000000000D+00  0.00000000000000D+00
            0.00000000000000D+00  0.00000000000000D+00  0.00000000000000D+00
            0.00000000000000D+00  0.00000000000000D+00  0.00000000000000D+00
            0.00000000000000D+00  0.00000000000000D+00  0.00000000000000D+00
            0.00000000000000D+00  0.00000000000000D+00  0.00000000000000D+00
            0.00000000000000D+00  0.00000000000000D+00  0.00000000000000D+00
            0.00000000000000D+00  0.00000000000000D+00  0.00000000000000D+00
            0.00000000000000D+00  0.00000000000000D+00  0.00000000000000D+00
            0.00000000000000D+00  0.00000000000000D+00  0.00000000000000D+00
            0.00000000000000D+00  0.00000000000000D+00  0.00000000000000D+00
            0.00000000000000D+00  0.00000000000000D+00  0.00000000000000D+00
            0.00000000000000D+00  0.00000000000000D+00  0.00000000000000D+00
            0.00000000000000D+00  0.00000000000000D+00  0.00000000000000D+00
            0.00000000000000D+00  0.00000000000000D+00  0.00000000000000D+00
            0.00000000000000D+00  0.00000000000000D+00  0.00000000000000D+00
            0.00000000000000D+00  0.00000000000000D+00  0.00000000000000D+00
            0.00000000000000D+00  0.00000000000000D+00  0.00000000000000D+00
            0.00000000000000D+00  0.00000000000000D+00  0.00000000000000D+00
            0.00000000000000D+00  0.00000000000000D+00  0.00000000000000D+00
            0.00000000000000D+00  0.00000000000000D+00  0.00000000000000D+00
            0.00000000000000D+00  0.00000000000000D+00  0.00000000000000D+00
            0.00000000000000D+00  0.00000000000000D+00  0.00000000000000D+00
            0.00000000000000D+00  0.00000000000000D+00  0.00000000000000D+00
    symafm         1    1    1    1
    symrel         1    0    0    0    1    0    0    0    1
                  -1    0    0    0   -1    0    0    0   -1
                  -1    0    0    0   -1    0    0    0    1
                   1    0    0    0    1    0    0    0   -1
     tnons  0.00000000000000D+00  0.00000000000000D+00  0.00000000000000D+00
           -0.22204460492503D-15 -0.43368086899420D-18  0.25000000000000D+00
           -0.22204460492503D-15 -0.43368086899420D-18  0.00000000000000D+00
            0.00000000000000D+00  0.00000000000000D+00  0.25000000000000D+00
    tolwfr  0.10000000000000D+01
   tphysel  0.00000000000000D+00
    tsmear  0.10000000000000D-01
     typat         1    2    2    2    2    2    2    2    3    3    3    3
                   3    3    3    3    3    3    3    3    3    3    3    3
                   4    4    4    4    4    4    4    4    4    4    4    4
                   4    4    4    4    5    5    5    5    5    5    5    5
                   5    5    5    5    5    5    5    5    6    6    6    6
                   6    6    6    6    6    6    6    6    6    6    6    6
       wtk  0.50000000000000D+00  0.50000000000000D+00
      xred  0.50000000000000D+00 -0.21026258011870D-18  0.12500000000000D+00
            0.50000000000000D+00 -0.21026258011883D-18  0.37330403221531D+00
            0.50000000000000D+00 -0.21026258011870D-18  0.62500000000000D+00
            0.50000000000000D+00 -0.21026258011859D-18  0.87669596778469D+00
           -0.55505649310176D-16  0.50000000000000D+00 -0.49253720498682D-04
           -0.55505649310176D-16  0.50000000000000D+00  0.25004925372050D+00
           -0.55505649310176D-16  0.50000000000000D+00  0.50019291088204D+00
           -0.55505649310176D-16  0.50000000000000D+00  0.74980708911796D+00
            0.12507891489260D+00  0.82303888377265D+00  0.12500000000000D+00
            0.12605490485957D+00  0.82334342718342D+00  0.37461250070002D+00
            0.12541293750265D+00  0.82237083213172D+00  0.62500000000000D+00
            0.12605490485957D+00  0.82334342718342D+00  0.87538749929998D+00
            0.87492108510740D+00  0.17696111622735D+00  0.12500000000000D+00
            0.87394509514043D+00  0.17665657281658D+00  0.37461250070002D+00
            0.87458706249735D+00  0.17762916786828D+00  0.62500000000000D+00
            0.87394509514043D+00  0.17665657281658D+00  0.87538749929998D+00
            0.17685569054508D+00  0.12657753686887D+00  0.41586664791655D-03
            0.17685569054508D+00  0.12657753686887D+00  0.24958413335208D+00
            0.17731738383930D+00  0.12602564835301D+00  0.50006379635416D+00
            0.17731738383930D+00  0.12602564835301D+00  0.74993620364584D+00
            0.82314430945492D+00  0.87342246313112D+00  0.41586664791655D-03
            0.82314430945492D+00  0.87342246313112D+00  0.24958413335208D+00
            0.82268261616070D+00  0.87397435164699D+00  0.50006379635416D+00
            0.82268261616070D+00  0.87397435164699D+00  0.74993620364584D+00
            0.35351874240403D+00  0.68458690999191D+00  0.11319796586283D-02
            0.35351874240403D+00  0.68458690999191D+00  0.24886802034137D+00
            0.35312046542260D+00  0.68455314965232D+00  0.49969084231897D+00
            0.35312046542260D+00  0.68455314965232D+00  0.75030915768103D+00
            0.64648125759597D+00  0.31541309000809D+00  0.11319796586283D-02
            0.64648125759597D+00  0.31541309000809D+00  0.24886802034137D+00
            0.64687953457740D+00  0.31544685034768D+00  0.49969084231897D+00
            0.64687953457740D+00  0.31544685034768D+00  0.75030915768103D+00
            0.31534987169029D+00  0.35149376083346D+00  0.12500000000000D+00
            0.31662109772893D+00  0.35199637129897D+00  0.37469560947881D+00
            0.31631262408119D+00  0.35371674134415D+00  0.62500000000000D+00
            0.31662109772893D+00  0.35199637129897D+00  0.87530439052119D+00
            0.68465012830971D+00  0.64850623916654D+00  0.12500000000000D+00
            0.68337890227107D+00  0.64800362870103D+00  0.37469560947881D+00
            0.68368737591881D+00  0.64628325865585D+00  0.62500000000000D+00
            0.68337890227107D+00  0.64800362870103D+00  0.87530439052119D+00
            0.58459036219497D+00  0.73470066950965D+00  0.12556347746635D-02
            0.58459036219497D+00  0.73470066950965D+00  0.24874436522534D+00
            0.58478353102555D+00  0.72958318663849D+00  0.49998874033712D+00
            0.58478353102555D+00  0.72958318663849D+00  0.75001125966288D+00
            0.41540963780503D+00  0.26529933049035D+00  0.12556347746635D-02
            0.41540963780503D+00  0.26529933049035D+00  0.24874436522534D+00
            0.41521646897445D+00  0.27041681336151D+00  0.49998874033712D+00
            0.41521646897445D+00  0.27041681336151D+00  0.75001125966288D+00
            0.27061389098689D+00  0.58310596590392D+00  0.12500000000000D+00
            0.27199097143168D+00  0.58464265541952D+00  0.37370226739466D+00
            0.27005735368221D+00  0.58551121382598D+00  0.62500000000000D+00
            0.27199097143168D+00  0.58464265541952D+00  0.87629773260534D+00
            0.72938610901311D+00  0.41689403409608D+00  0.12500000000000D+00
            0.72800902856832D+00  0.41535734458048D+00  0.37370226739466D+00
            0.72994264631779D+00  0.41448878617402D+00  0.62500000000000D+00
            0.72800902856832D+00  0.41535734458048D+00  0.87629773260534D+00
            0.25685816196086D+00  0.89386068388136D+00  0.32970001932904D-02
            0.25685816196086D+00  0.89386068388136D+00  0.24670299980671D+00
            0.25312682425887D+00  0.89181483994455D+00  0.49934328580063D+00
            0.25312682425887D+00  0.89181483994455D+00  0.75065671419937D+00
            0.74314183803914D+00  0.10613931611864D+00  0.32970001932904D-02
            0.74314183803914D+00  0.10613931611864D+00  0.24670299980671D+00
            0.74687317574113D+00  0.10818516005545D+00  0.49934328580063D+00
            0.74687317574113D+00  0.10818516005545D+00  0.75065671419937D+00
            0.10634104679562D+00  0.25670386228016D+00  0.12500000000000D+00
            0.10756124858211D+00  0.25674277832992D+00  0.37421909580175D+00
            0.10775609328564D+00  0.25749464115168D+00  0.62500000000000D+00
            0.10756124858211D+00  0.25674277832992D+00  0.87578090419825D+00
            0.89365895320438D+00  0.74329613771984D+00  0.12500000000000D+00
            0.89243875141789D+00  0.74325722167008D+00  0.37421909580175D+00
            0.89224390671436D+00  0.74250535884832D+00  0.62500000000000D+00
            0.89243875141789D+00  0.74325722167008D+00  0.87578090419825D+00
     znucl  0.63000000000000D+02  0.38000000000000D+02  0.30000000000000D+01
            0.13000000000000D+02  0.70000000000000D+01  0.80000000000000D+01
      zion  0.17000000000000D+02  0.10000000000000D+02  0.30000000000000D+01
            0.30000000000000D+01  0.50000000000000D+01  0.60000000000000D+01
 
 No information on the potentials yet 
 
 **** Database of total energy derivatives ****
 Number of data blocks=    2
  
 Total energy                 - # elements :       1
 -0.88945264821562D+03  0.00000000000000D+00
  
 1st derivatives              - # elements :     222
   1   1  0.00000000000000D+00  0.00000000000000D+00
   2   1  0.00000000000000D+00  0.00000000000000D+00
   3   1  0.00000000000000D+00  0.00000000000000D+00
   1   2  0.00000000000000D+00  0.00000000000000D+00
   2   2 -0.15777218104420D-29  0.00000000000000D+00
   3   2  0.30549636165144D-03  0.00000000000000D+00
   1   3  0.00000000000000D+00  0.00000000000000D+00
   2   3  0.00000000000000D+00  0.00000000000000D+00
   3   3  0.00000000000000D+00  0.00000000000000D+00
   1   4  0.00000000000000D+00  0.00000000000000D+00
   2   4  0.00000000000000D+00  0.00000000000000D+00
   3   4 -0.30549636165144D-03  0.00000000000000D+00
   1   5  0.00000000000000D+00  0.00000000000000D+00
   2   5  0.00000000000000D+00  0.00000000000000D+00
   3   5 -0.68731475644262D-03  0.00000000000000D+00
   1   6  0.00000000000000D+00  0.00000000000000D+00
   2   6  0.00000000000000D+00  0.00000000000000D+00
   3   6  0.68731475644262D-03  0.00000000000000D+00
   1   7  0.00000000000000D+00  0.00000000000000D+00
   2   7  0.00000000000000D+00  0.00000000000000D+00
   3   7  0.21596996658768D-03  0.00000000000000D+00
   1   8  0.00000000000000D+00  0.00000000000000D+00
   2   8  0.00000000000000D+00  0.00000000000000D+00
   3   8 -0.21596996658768D-03  0.00000000000000D+00
   1   9 -0.17043100386277D-03  0.00000000000000D+00
   2   9  0.10299686263905D-02  0.00000000000000D+00
   3   9  0.00000000000000D+00  0.00000000000000D+00
   1  10  0.16458514945418D-03  0.00000000000000D+00
   2  10  0.76866684008152D-03  0.00000000000000D+00
   3  10  0.16088724730893D-03  0.00000000000000D+00
   1  11 -0.39459085887065D-03  0.00000000000000D+00
   2  11  0.20013937440383D-03  0.00000000000000D+00
   3  11  0.00000000000000D+00  0.00000000000000D+00
   1  12  0.16458514945418D-03  0.00000000000000D+00
   2  12  0.76866684008152D-03  0.00000000000000D+00
   3  12 -0.16088724730893D-03  0.00000000000000D+00
   1  13  0.17043100386277D-03  0.00000000000000D+00
   2  13 -0.10299686263905D-02  0.00000000000000D+00
   3  13  0.00000000000000D+00  0.00000000000000D+00
   1  14 -0.16458514945418D-03  0.00000000000000D+00
   2  14 -0.76866684008152D-03  0.00000000000000D+00
   3  14  0.16088724730893D-03  0.00000000000000D+00
   1  15  0.39459085887065D-03  0.00000000000000D+00
   2  15 -0.20013937440383D-03  0.00000000000000D+00
   3  15  0.00000000000000D+00  0.00000000000000D+00
   1  16 -0.16458514945418D-03  0.00000000000000D+00
   2  16 -0.76866684008152D-03  0.00000000000000D+00
   3  16 -0.16088724730893D-03  0.00000000000000D+00
   1  17  0.64222412080758D-03  0.00000000000000D+00
   2  17  0.80684740943445D-04  0.00000000000000D+00
   3  17 -0.75528641111724D-03  0.00000000000000D+00
   1  18  0.64222412080758D-03  0.00000000000000D+00
   2  18  0.80684740943445D-04  0.00000000000000D+00
   3  18  0.75528641111724D-03  0.00000000000000D+00
   1  19  0.66667684220524D-03  0.00000000000000D+00
   2  19  0.45206581143574D-03  0.00000000000000D+00
   3  19 -0.13721285328049D-03  0.00000000000000D+00
   1  20  0.66667684220524D-03  0.00000000000000D+00
   2  20  0.45206581143574D-03  0.00000000000000D+00
   3  20  0.13721285328049D-03  0.00000000000000D+00
   1  21 -0.64222412080758D-03  0.00000000000000D+00
   2  21 -0.80684740943445D-04  0.00000000000000D+00
   3  21 -0.75528641111724D-03  0.00000000000000D+00
   1  22 -0.64222412080758D-03  0.00000000000000D+00
   2  22 -0.80684740943445D-04  0.00000000000000D+00
   3  22  0.75528641111724D-03  0.00000000000000D+00
   1  23 -0.66667684220524D-03  0.00000000000000D+00
   2  23 -0.45206581143574D-03  0.00000000000000D+00
   3  23 -0.13721285328049D-03  0.00000000000000D+00
   1  24 -0.66667684220524D-03  0.00000000000000D+00
   2  24 -0.45206581143574D-03  0.00000000000000D+00
   3  24  0.13721285328049D-03  0.00000000000000D+00
   1  25  0.40500765155098D-03  0.00000000000000D+00
   2  25 -0.24423356918076D-03  0.00000000000000D+00
   3  25 -0.10916152084669D-02  0.00000000000000D+00
   1  26  0.40500765155098D-03  0.00000000000000D+00
   2  26 -0.24423356918076D-03  0.00000000000000D+00
   3  26  0.10916152084669D-02  0.00000000000000D+00
   1  27 -0.55772123439752D-03  0.00000000000000D+00
   2  27  0.16110353055321D-03  0.00000000000000D+00
   3  27 -0.14165179864390D-03  0.00000000000000D+00
   1  28 -0.55772123439752D-03  0.00000000000000D+00
   2  28  0.16110353055321D-03  0.00000000000000D+00
   3  28  0.14165179864390D-03  0.00000000000000D+00
   1  29 -0.40500765155098D-03  0.00000000000000D+00
   2  29  0.24423356918076D-03  0.00000000000000D+00
   3  29 -0.10916152084669D-02  0.00000000000000D+00
   1  30 -0.40500765155098D-03  0.00000000000000D+00
   2  30  0.24423356918076D-03  0.00000000000000D+00
   3  30  0.10916152084669D-02  0.00000000000000D+00
   1  31  0.55772123439752D-03  0.00000000000000D+00
   2  31 -0.16110353055321D-03  0.00000000000000D+00
   3  31 -0.14165179864390D-03  0.00000000000000D+00
   1  32  0.55772123439752D-03  0.00000000000000D+00
   2  32 -0.16110353055321D-03  0.00000000000000D+00
   3  32  0.14165179864390D-03  0.00000000000000D+00
   1  33 -0.50268383299180D-03  0.00000000000000D+00
   2  33  0.72737187643098D-03  0.00000000000000D+00
   3  33  0.00000000000000D+00  0.00000000000000D+00
   1  34  0.20417157116652D-03  0.00000000000000D+00
   2  34  0.56682637279049D-03  0.00000000000000D+00
   3  34  0.93441918154931D-03  0.00000000000000D+00
   1  35  0.19875917015329D-03  0.00000000000000D+00
   2  35  0.29793494341243D-03  0.00000000000000D+00
   3  35  0.00000000000000D+00  0.00000000000000D+00
   1  36  0.20417157116652D-03  0.00000000000000D+00
   2  36  0.56682637279049D-03  0.00000000000000D+00
   3  36 -0.93441918154931D-03  0.00000000000000D+00
   1  37  0.50268383299180D-03  0.00000000000000D+00
   2  37 -0.72737187643098D-03  0.00000000000000D+00
   3  37  0.00000000000000D+00  0.00000000000000D+00
   1  38 -0.20417157116652D-03  0.00000000000000D+00
   2  38 -0.56682637279049D-03  0.00000000000000D+00
   3  38  0.93441918154931D-03  0.00000000000000D+00
   1  39 -0.19875917015329D-03  0.00000000000000D+00
   2  39 -0.29793494341243D-03  0.00000000000000D+00
   3  39  0.00000000000000D+00  0.00000000000000D+00
   1  40 -0.20417157116652D-03  0.00000000000000D+00
   2  40 -0.56682637279049D-03  0.00000000000000D+00
   3  40 -0.93441918154931D-03  0.00000000000000D+00
   1  41  0.32035310983897D-03  0.00000000000000D+00
   2  41 -0.30505990160519D-03  0.00000000000000D+00
   3  41  0.19965626713146D-02  0.00000000000000D+00
   1  42  0.32035310983897D-03  0.00000000000000D+00
   2  42 -0.30505990160519D-03  0.00000000000000D+00
   3  42 -0.19965626713146D-02  0.00000000000000D+00
   1  43 -0.29874747198316D-03  0.00000000000000D+00
   2  43 -0.73186864724780D-03  0.00000000000000D+00
   3  43 -0.18743910533045D-03  0.00000000000000D+00
   1  44 -0.29874747198316D-03  0.00000000000000D+00
   2  44 -0.73186864724780D-03  0.00000000000000D+00
   3  44  0.18743910533045D-03  0.00000000000000D+00
   1  45 -0.32035310983897D-03  0.00000000000000D+00
   2  45  0.30505990160519D-03  0.00000000000000D+00
   3  45  0.19965626713146D-02  0.00000000000000D+00
   1  46 -0.32035310983897D-03  0.00000000000000D+00
   2  46  0.30505990160519D-03  0.00000000000000D+00
   3  46 -0.19965626713146D-02  0.00000000000000D+00
   1  47  0.29874747198316D-03  0.00000000000000D+00
   2  47  0.73186864724780D-03  0.00000000000000D+00
   3  47 -0.18743910533045D-03  0.00000000000000D+00
   1  48  0.29874747198316D-03  0.00000000000000D+00
   2  48  0.73186864724780D-03  0.00000000000000D+00
   3  48  0.18743910533045D-03  0.00000000000000D+00
   1  49  0.25319883909507D-03  0.00000000000000D+00
   2  49  0.47515137587733D-03  0.00000000000000D+00
   3  49  0.00000000000000D+00  0.00000000000000D+00
   1  50  0.70583483912723D-04  0.00000000000000D+00
   2  50  0.48774508358788D-04  0.00000000000000D+00
   3  50 -0.40489619703964D-03  0.00000000000000D+00
   1  51 -0.34413337634062D-03  0.00000000000000D+00
   2  51  0.17447047614325D-03  0.00000000000000D+00
   3  51  0.00000000000000D+00  0.00000000000000D+00
   1  52  0.70583483912723D-04  0.00000000000000D+00
   2  52  0.48774508358788D-04  0.00000000000000D+00
   3  52  0.40489619703964D-03  0.00000000000000D+00
   1  53 -0.25319883909507D-03  0.00000000000000D+00
   2  53 -0.47515137587733D-03  0.00000000000000D+00
   3  53  0.00000000000000D+00  0.00000000000000D+00
   1  54 -0.70583483912723D-04  0.00000000000000D+00
   2  54 -0.48774508358788D-04  0.00000000000000D+00
   3  54 -0.40489619703964D-03  0.00000000000000D+00
   1  55  0.34413337634062D-03  0.00000000000000D+00
   2  55 -0.17447047614325D-03  0.00000000000000D+00
   3  55  0.00000000000000D+00  0.00000000000000D+00
   1  56 -0.70583483912723D-04  0.00000000000000D+00
   2  56 -0.48774508358788D-04  0.00000000000000D+00
   3  56  0.40489619703964D-03  0.00000000000000D+00
   1  57 -0.71673706456066D-03  0.00000000000000D+00
   2  57 -0.28570474754274D-03  0.00000000000000D+00
   3  57  0.37938801241592D-03  0.00000000000000D+00
   1  58 -0.71673706456066D-03  0.00000000000000D+00
   2  58 -0.28570474754274D-03  0.00000000000000D+00
   3  58 -0.37938801241592D-03  0.00000000000000D+00
   1  59  0.57727341811370D-03  0.00000000000000D+00
   2  59  0.45316882546248D-03  0.00000000000000D+00
   3  59 -0.27184545997053D-03  0.00000000000000D+00
   1  60  0.57727341811370D-03  0.00000000000000D+00
   2  60  0.45316882546248D-03  0.00000000000000D+00
   3  60  0.27184545997053D-03  0.00000000000000D+00
   1  61  0.71673706456066D-03  0.00000000000000D+00
   2  61  0.28570474754274D-03  0.00000000000000D+00
   3  61  0.37938801241592D-03  0.00000000000000D+00
   1  62  0.71673706456066D-03  0.00000000000000D+00
   2  62  0.28570474754274D-03  0.00000000000000D+00
   3  62 -0.37938801241592D-03  0.00000000000000D+00
   1  63 -0.57727341811370D-03  0.00000000000000D+00
   2  63 -0.45316882546248D-03  0.00000000000000D+00
   3  63 -0.27184545997053D-03  0.00000000000000D+00
   1  64 -0.57727341811370D-03  0.00000000000000D+00
   2  64 -0.45316882546248D-03  0.00000000000000D+00
   3  64  0.27184545997053D-03  0.00000000000000D+00
   1  65 -0.15964111174038D-03  0.00000000000000D+00
   2  65  0.13620131282762D-03  0.00000000000000D+00
   3  65  0.00000000000000D+00  0.00000000000000D+00
   1  66  0.28407895421551D-03  0.00000000000000D+00
   2  66  0.33637883177307D-03  0.00000000000000D+00
   3  66 -0.80111900177521D-04  0.00000000000000D+00
   1  67  0.24232499129506D-03  0.00000000000000D+00
   2  67 -0.23340632250172D-03  0.00000000000000D+00
   3  67  0.00000000000000D+00  0.00000000000000D+00
   1  68  0.28407895421551D-03  0.00000000000000D+00
   2  68  0.33637883177307D-03  0.00000000000000D+00
   3  68  0.80111900177521D-04  0.00000000000000D+00
   1  69  0.15964111174038D-03  0.00000000000000D+00
   2  69 -0.13620131282762D-03  0.00000000000000D+00
   3  69  0.00000000000000D+00  0.00000000000000D+00
   1  70 -0.28407895421551D-03  0.00000000000000D+00
   2  70 -0.33637883177307D-03  0.00000000000000D+00
   3  70 -0.80111900177521D-04  0.00000000000000D+00
   1  71 -0.24232499129506D-03  0.00000000000000D+00
   2  71  0.23340632250172D-03  0.00000000000000D+00
   3  71  0.00000000000000D+00  0.00000000000000D+00
   1  72 -0.28407895421551D-03  0.00000000000000D+00
   2  72 -0.33637883177307D-03  0.00000000000000D+00
   3  72  0.80111900177521D-04  0.00000000000000D+00
   1  75  0.52713507706376D-05  0.00000000000000D+00
   2  75  0.16416517694125D-04  0.00000000000000D+00
   3  75  0.27554556036694D-04  0.00000000000000D+00
   1  76  0.00000000000000D+00  0.00000000000000D+00
   2  76  0.00000000000000D+00  0.00000000000000D+00
   3  76 -0.29254211287953D-05  0.00000000000000D+00
