 Fermi (or HOMO) energy (hartree) =   0.28202   Average Vxc (hartree)=  -0.37066
 Eigenvalues (hartree) for nkpt=   2  k points, SPIN UP:
 kpt#   1, nband=204, wtk=  0.50000, kpt=  0.2500  0.2500  0.2500 (reduced coord)
  -1.42474   -1.42457   -1.42401   -1.42396   -1.42391   -1.42390   -1.42254   -1.42254
  -1.42254   -1.42254   -1.41891   -1.41875   -1.41866   -1.41865   -1.41828   -1.41815
  -1.35530   -1.05147   -1.04947   -1.04750   -1.04547   -1.04267   -1.03652   -1.03585
  -0.56724   -0.56626   -0.56271   -0.45477   -0.45122   -0.44898   -0.44814   -0.44509
  -0.44440   -0.44345   -0.44052   -0.44012   -0.43886   -0.43648   -0.43589   -0.43531
  -0.43355   -0.43160   -0.42924   -0.40567   -0.40149   -0.39725   -0.39572   -0.39543
  -0.39147   -0.39124   -0.38948   -0.38763   -0.38563   -0.38470   -0.38197   -0.37948
  -0.37724   -0.37607   -0.37317   -0.37184   -0.36922   -0.36812   -0.36666   -0.36465
  -0.32615   -0.31752   -0.30610   -0.30369   -0.29935   -0.29577   -0.29454   -0.29288
  -0.28934   -0.28861   -0.28559   -0.28247   -0.28021   -0.28004   -0.27620   -0.27400
  -0.02462   -0.02388   -0.02283   -0.01096   -0.00987   -0.00579   -0.00210    0.00315
   0.00484    0.00543    0.00605    0.00762    0.00976    0.01089    0.01184    0.01765
   0.01899    0.02086    0.02376    0.02962    0.03286    0.03497    0.03740    0.04442
   0.04619    0.05128    0.05341    0.05746    0.05948    0.05974    0.06177    0.06387
   0.06473    0.06671    0.06963    0.06994    0.07069    0.07162    0.07299    0.07573
   0.07851    0.07922    0.07937    0.08098    0.08314    0.08383    0.08524    0.08795
   0.08905    0.09016    0.09077    0.09345    0.09440    0.09640    0.09846    0.10066
   0.10160    0.10317    0.10438    0.10524    0.10790    0.10978    0.11046    0.11115
   0.11435    0.11473    0.11771    0.11847    0.12162    0.12175    0.12359    0.12578
   0.12624    0.12722    0.12887    0.13034    0.13088    0.13141    0.13312    0.13357
   0.13522    0.13560    0.13670    0.13704    0.14089    0.14164    0.14251    0.14273
   0.14451    0.14712    0.14761    0.15082    0.15121    0.15364    0.15408    0.15582
   0.15699    0.15806    0.15844    0.16458    0.16842    0.17225    0.20630    0.28202
   0.29614    0.31982    0.32800    0.33305    0.33799    0.34160    0.34373    0.34605
   0.34994    0.35488    0.36338    0.36447    0.36669    0.36944    0.37544    0.37798
   0.38048    0.38234    0.38558    0.38924
 kpt#   2, nband=204, wtk=  0.50000, kpt= -0.2500  0.2500  0.2500 (reduced coord)
  -1.42474   -1.42457   -1.42401   -1.42396   -1.42391   -1.42390   -1.42254   -1.42254
  -1.42254   -1.42254   -1.41891   -1.41875   -1.41866   -1.41865   -1.41828   -1.41815
  -1.35530   -1.05147   -1.04947   -1.04750   -1.04547   -1.04267   -1.03652   -1.03585
  -0.56724   -0.56626   -0.56271   -0.45474   -0.45123   -0.44890   -0.44834   -0.44505
  -0.44424   -0.44365   -0.44040   -0.43997   -0.43894   -0.43679   -0.43617   -0.43510
  -0.43310   -0.43150   -0.42943   -0.40597   -0.40166   -0.39691   -0.39565   -0.39559
  -0.39193   -0.39097   -0.38880   -0.38776   -0.38584   -0.38445   -0.38178   -0.37958
  -0.37738   -0.37601   -0.37340   -0.37183   -0.36956   -0.36802   -0.36666   -0.36445
  -0.32612   -0.31747   -0.30614   -0.30380   -0.29928   -0.29602   -0.29441   -0.29271
  -0.28937   -0.28858   -0.28558   -0.28248   -0.28022   -0.28005   -0.27619   -0.27401
  -0.02469   -0.02393   -0.02285   -0.01066   -0.00867   -0.00667   -0.00215    0.00277
   0.00474    0.00543    0.00598    0.00799    0.00988    0.01003    0.01214    0.01671
   0.01963    0.02166    0.02312    0.02942    0.03310    0.03505    0.03728    0.04426
   0.04677    0.05164    0.05377    0.05730    0.05844    0.05975    0.06256    0.06402
   0.06475    0.06700    0.06855    0.07010    0.07073    0.07105    0.07323    0.07574
   0.07833    0.07933    0.08014    0.08150    0.08291    0.08357    0.08533    0.08853
   0.08926    0.08960    0.09049    0.09353    0.09400    0.09593    0.09833    0.10013
   0.10208    0.10382    0.10526    0.10567    0.10804    0.10913    0.11016    0.11088
   0.11368    0.11470    0.11784    0.11935    0.12168    0.12217    0.12309    0.12605
   0.12655    0.12717    0.12911    0.13031    0.13067    0.13144    0.13170    0.13342
   0.13511    0.13534    0.13666    0.13774    0.14013    0.14151    0.14232    0.14299
   0.14426    0.14818    0.14897    0.15023    0.15147    0.15285    0.15412    0.15567
   0.15669    0.15777    0.15900    0.16480    0.16865    0.17236    0.20632    0.28173
   0.29687    0.32046    0.32636    0.33460    0.33868    0.34106    0.34337    0.34502
   0.35202    0.35752    0.35960    0.36257    0.36365    0.36978    0.37489    0.37818
   0.37968    0.38151    0.38664    0.38883
 Eigenvalues (hartree) for nkpt=   2  k points, SPIN DOWN:
 kpt#   1, nband=204, wtk=  0.50000, kpt=  0.2500  0.2500  0.2500 (reduced coord)
  -1.42473   -1.42456   -1.42400   -1.42395   -1.42390   -1.42389   -1.42256   -1.42256
  -1.42256   -1.42255   -1.41891   -1.41875   -1.41866   -1.41865   -1.41828   -1.41815
  -1.24858   -1.05140   -1.04941   -1.04744   -1.04543   -1.04217   -1.03508   -1.03452
  -0.49617   -0.48944   -0.48381   -0.45461   -0.45112   -0.44892   -0.44782   -0.44498
  -0.44425   -0.44197   -0.44006   -0.43988   -0.43868   -0.43580   -0.43354   -0.43350
  -0.43155   -0.42842   -0.42714   -0.40559   -0.40140   -0.39664   -0.39559   -0.39532
  -0.39124   -0.39114   -0.38828   -0.38658   -0.38502   -0.38381   -0.38186   -0.37936
  -0.37550   -0.37362   -0.37302   -0.37175   -0.36916   -0.36715   -0.36399   -0.36377
  -0.32612   -0.31749   -0.30604   -0.30357   -0.29924   -0.29587   -0.29484   -0.29292
  -0.28945   -0.28861   -0.28565   -0.28247   -0.28018   -0.28009   -0.27623   -0.27396
  -0.01071   -0.00882   -0.00585   -0.00237    0.00321    0.00517    0.00935    0.01000
   0.01100    0.01729    0.01871    0.02087    0.02374    0.03006    0.03313    0.03531
   0.03741    0.04441    0.04662    0.05194    0.05381    0.05755    0.05988    0.05995
   0.06207    0.06464    0.06515    0.06687    0.06981    0.07007    0.07100    0.07186
   0.07319    0.07594    0.07865    0.07921    0.07965    0.08132    0.08325    0.08402
   0.08547    0.08804    0.08895    0.09021    0.09094    0.09351    0.09457    0.09654
   0.09856    0.10099    0.10169    0.10342    0.10452    0.10537    0.10794    0.10972
   0.11046    0.11123    0.11428    0.11482    0.11769    0.11863    0.12161    0.12196
   0.12365    0.12575    0.12603    0.12728    0.12890    0.13049    0.13100    0.13137
   0.13317    0.13354    0.13528    0.13567    0.13679    0.13711    0.14086    0.14165
   0.14257    0.14272    0.14455    0.14725    0.14812    0.15082    0.15119    0.15365
   0.15414    0.15586    0.15707    0.15813    0.15846    0.16481    0.16855    0.17237
   0.31375    0.32217    0.32511    0.33119    0.33413    0.33904    0.34119    0.34245
   0.34470    0.34887    0.35680    0.35970    0.36455    0.36677    0.37383    0.37597
   0.37717    0.37826    0.38208    0.38374    0.38484    0.38580    0.38813    0.38916
   0.39134    0.39422    0.39583    0.39881
 kpt#   2, nband=204, wtk=  0.50000, kpt= -0.2500  0.2500  0.2500 (reduced coord)
  -1.42473   -1.42456   -1.42400   -1.42395   -1.42390   -1.42389   -1.42256   -1.42256
  -1.42256   -1.42255   -1.41891   -1.41875   -1.41866   -1.41865   -1.41828   -1.41815
  -1.24858   -1.05140   -1.04941   -1.04744   -1.04543   -1.04217   -1.03508   -1.03452
  -0.49619   -0.48942   -0.48380   -0.45469   -0.45111   -0.44886   -0.44800   -0.44493
  -0.44405   -0.44215   -0.44014   -0.43959   -0.43861   -0.43609   -0.43377   -0.43311
  -0.43147   -0.42818   -0.42743   -0.40584   -0.40158   -0.39633   -0.39553   -0.39549
  -0.39168   -0.39091   -0.38770   -0.38614   -0.38569   -0.38353   -0.38165   -0.37952
  -0.37544   -0.37374   -0.37323   -0.37174   -0.36951   -0.36706   -0.36379   -0.36377
  -0.32608   -0.31746   -0.30607   -0.30379   -0.29906   -0.29612   -0.29466   -0.29276
  -0.28948   -0.28860   -0.28566   -0.28247   -0.28019   -0.28012   -0.27622   -0.27397
  -0.01062   -0.00852   -0.00621   -0.00230    0.00315    0.00518    0.00921    0.01001
   0.01106    0.01656    0.01931    0.02159    0.02312    0.03008    0.03311    0.03534
   0.03737    0.04436    0.04692    0.05204    0.05390    0.05742    0.05914    0.05996
   0.06265    0.06440    0.06487    0.06734    0.06889    0.07062    0.07089    0.07163
   0.07334    0.07585    0.07866    0.07941    0.08028    0.08180    0.08303    0.08375
   0.08556    0.08838    0.08939    0.08976    0.09069    0.09373    0.09430    0.09615
   0.09841    0.10035    0.10210    0.10385    0.10530    0.10573    0.10796    0.10910
   0.11024    0.11099    0.11367    0.11473    0.11781    0.11929    0.12186    0.12242
   0.12323    0.12604    0.12653    0.12711    0.12911    0.13031    0.13097    0.13156
   0.13172    0.13349    0.13520    0.13538    0.13677    0.13780    0.14017    0.14148
   0.14231    0.14298    0.14434    0.14822    0.14933    0.15019    0.15148    0.15298
   0.15421    0.15582    0.15675    0.15780    0.15901    0.16493    0.16868    0.17248
   0.31477    0.32241    0.32336    0.33172    0.33425    0.33953    0.34136    0.34223
   0.34446    0.35008    0.35561    0.35889    0.36481    0.36693    0.37222    0.37629
   0.37705    0.37931    0.38189    0.38273    0.38532    0.38628    0.38757    0.38909
   0.39205    0.39296    0.39714    0.39867
