
 **** DERIVATIVE DATABASE ****    
+DDB, Version number    100401

  Note : temporary (transfer) database

    usepaw         1
     natom        72
      nkpt         2
    nsppol         2
      nsym         4
    ntypat         6
    occopt         2
     nband       204  204
     acell  0.10000000000000D+01  0.10000000000000D+01  0.10000000000000D+01
       amu  0.15196500000000D+03  0.87620000000000D+02  0.69410000000000D+01
            0.26981539000000D+02  0.14006740000000D+02  0.15999400000000D+02
   dilatmx  0.10000000000000D+01
      ecut  0.15000000000000D+02
 pawecutdg  0.30000000000000D+02
    ecutsm  0.00000000000000D+00
     intxc         0
      iscf        17
       ixc   -101130
       kpt  0.25000000000000D+00  0.25000000000000D+00  0.25000000000000D+00
           -0.25000000000000D+00  0.25000000000000D+00  0.25000000000000D+00
    kptnrm  0.10000000000000D+01
     ngfft        54   60   90
    nspden         2
   nspinor         1
       occ  0.10000000000000D+01  0.10000000000000D+01  0.10000000000000D+01
            0.10000000000000D+01  0.10000000000000D+01  0.10000000000000D+01
            0.10000000000000D+01  0.10000000000000D+01  0.10000000000000D+01
            0.10000000000000D+01  0.10000000000000D+01  0.10000000000000D+01
            0.10000000000000D+01  0.10000000000000D+01  0.10000000000000D+01
            0.10000000000000D+01  0.10000000000000D+01  0.10000000000000D+01
            0.10000000000000D+01  0.10000000000000D+01  0.10000000000000D+01
            0.10000000000000D+01  0.10000000000000D+01  0.10000000000000D+01
            0.10000000000000D+01  0.10000000000000D+01  0.10000000000000D+01
            0.10000000000000D+01  0.10000000000000D+01  0.10000000000000D+01
            0.10000000000000D+01  0.10000000000000D+01  0.10000000000000D+01
            0.10000000000000D+01  0.10000000000000D+01  0.10000000000000D+01
            0.10000000000000D+01  0.10000000000000D+01  0.10000000000000D+01
            0.10000000000000D+01  0.10000000000000D+01  0.10000000000000D+01
            0.10000000000000D+01  0.10000000000000D+01  0.10000000000000D+01
            0.10000000000000D+01  0.10000000000000D+01  0.10000000000000D+01
            0.10000000000000D+01  0.10000000000000D+01  0.10000000000000D+01
            0.10000000000000D+01  0.10000000000000D+01  0.10000000000000D+01
            0.10000000000000D+01  0.10000000000000D+01  0.10000000000000D+01
            0.10000000000000D+01  0.10000000000000D+01  0.10000000000000D+01
            0.10000000000000D+01  0.10000000000000D+01  0.10000000000000D+01
            0.10000000000000D+01  0.10000000000000D+01  0.10000000000000D+01
            0.10000000000000D+01  0.10000000000000D+01  0.10000000000000D+01
            0.10000000000000D+01  0.10000000000000D+01  0.10000000000000D+01
            0.10000000000000D+01  0.10000000000000D+01  0.10000000000000D+01
            0.10000000000000D+01  0.10000000000000D+01  0.10000000000000D+01
            0.10000000000000D+01  0.10000000000000D+01  0.10000000000000D+01
            0.10000000000000D+01  0.10000000000000D+01  0.10000000000000D+01
            0.10000000000000D+01  0.10000000000000D+01  0.10000000000000D+01
            0.10000000000000D+01  0.10000000000000D+01  0.10000000000000D+01
            0.10000000000000D+01  0.10000000000000D+01  0.10000000000000D+01
            0.10000000000000D+01  0.10000000000000D+01  0.10000000000000D+01
            0.10000000000000D+01  0.10000000000000D+01  0.10000000000000D+01
            0.10000000000000D+01  0.10000000000000D+01  0.10000000000000D+01
            0.10000000000000D+01  0.10000000000000D+01  0.10000000000000D+01
            0.10000000000000D+01  0.10000000000000D+01  0.10000000000000D+01
            0.10000000000000D+01  0.10000000000000D+01  0.10000000000000D+01
            0.10000000000000D+01  0.10000000000000D+01  0.10000000000000D+01
            0.10000000000000D+01  0.10000000000000D+01  0.10000000000000D+01
            0.10000000000000D+01  0.10000000000000D+01  0.10000000000000D+01
            0.10000000000000D+01  0.10000000000000D+01  0.10000000000000D+01
            0.10000000000000D+01  0.10000000000000D+01  0.10000000000000D+01
            0.10000000000000D+01  0.10000000000000D+01  0.10000000000000D+01
            0.10000000000000D+01  0.10000000000000D+01  0.10000000000000D+01
            0.10000000000000D+01  0.10000000000000D+01  0.10000000000000D+01
            0.10000000000000D+01  0.10000000000000D+01  0.10000000000000D+01
            0.10000000000000D+01  0.10000000000000D+01  0.10000000000000D+01
            0.10000000000000D+01  0.10000000000000D+01  0.10000000000000D+01
            0.10000000000000D+01  0.10000000000000D+01  0.10000000000000D+01
            0.10000000000000D+01  0.10000000000000D+01  0.10000000000000D+01
            0.10000000000000D+01  0.10000000000000D+01  0.10000000000000D+01
            0.10000000000000D+01  0.10000000000000D+01  0.10000000000000D+01
            0.10000000000000D+01  0.10000000000000D+01  0.10000000000000D+01
            0.10000000000000D+01  0.10000000000000D+01  0.10000000000000D+01
            0.10000000000000D+01  0.10000000000000D+01  0.10000000000000D+01
            0.10000000000000D+01  0.10000000000000D+01  0.10000000000000D+01
            0.10000000000000D+01  0.10000000000000D+01  0.10000000000000D+01
            0.10000000000000D+01  0.10000000000000D+01  0.10000000000000D+01
            0.10000000000000D+01  0.10000000000000D+01  0.10000000000000D+01
            0.10000000000000D+01  0.10000000000000D+01  0.10000000000000D+01
            0.10000000000000D+01  0.10000000000000D+01  0.00000000000000D+00
            0.10000000000000D+01  0.00000000000000D+00  0.00000000000000D+00
            0.00000000000000D+00  0.00000000000000D+00  0.00000000000000D+00
            0.00000000000000D+00  0.00000000000000D+00  0.00000000000000D+00
            0.00000000000000D+00  0.00000000000000D+00  0.00000000000000D+00
            0.00000000000000D+00  0.00000000000000D+00  0.00000000000000D+00
            0.00000000000000D+00  0.00000000000000D+00  0.00000000000000D+00
            0.00000000000000D+00  0.00000000000000D+00  0.00000000000000D+00
            0.10000000000000D+01  0.10000000000000D+01  0.10000000000000D+01
            0.10000000000000D+01  0.10000000000000D+01  0.10000000000000D+01
            0.10000000000000D+01  0.10000000000000D+01  0.10000000000000D+01
            0.10000000000000D+01  0.10000000000000D+01  0.10000000000000D+01
            0.10000000000000D+01  0.10000000000000D+01  0.10000000000000D+01
            0.10000000000000D+01  0.10000000000000D+01  0.10000000000000D+01
            0.10000000000000D+01  0.10000000000000D+01  0.10000000000000D+01
            0.10000000000000D+01  0.10000000000000D+01  0.10000000000000D+01
            0.10000000000000D+01  0.10000000000000D+01  0.10000000000000D+01
            0.10000000000000D+01  0.10000000000000D+01  0.10000000000000D+01
            0.10000000000000D+01  0.10000000000000D+01  0.10000000000000D+01
            0.10000000000000D+01  0.10000000000000D+01  0.10000000000000D+01
            0.10000000000000D+01  0.10000000000000D+01  0.10000000000000D+01
            0.10000000000000D+01  0.10000000000000D+01  0.10000000000000D+01
            0.10000000000000D+01  0.10000000000000D+01  0.10000000000000D+01
            0.10000000000000D+01  0.10000000000000D+01  0.10000000000000D+01
            0.10000000000000D+01  0.10000000000000D+01  0.10000000000000D+01
            0.10000000000000D+01  0.10000000000000D+01  0.10000000000000D+01
            0.10000000000000D+01  0.10000000000000D+01  0.10000000000000D+01
            0.10000000000000D+01  0.10000000000000D+01  0.10000000000000D+01
            0.10000000000000D+01  0.10000000000000D+01  0.10000000000000D+01
            0.10000000000000D+01  0.10000000000000D+01  0.10000000000000D+01
            0.10000000000000D+01  0.10000000000000D+01  0.10000000000000D+01
            0.10000000000000D+01  0.10000000000000D+01  0.10000000000000D+01
            0.10000000000000D+01  0.10000000000000D+01  0.10000000000000D+01
            0.10000000000000D+01  0.10000000000000D+01  0.10000000000000D+01
            0.10000000000000D+01  0.10000000000000D+01  0.10000000000000D+01
            0.10000000000000D+01  0.10000000000000D+01  0.10000000000000D+01
            0.10000000000000D+01  0.10000000000000D+01  0.10000000000000D+01
            0.10000000000000D+01  0.10000000000000D+01  0.10000000000000D+01
            0.10000000000000D+01  0.10000000000000D+01  0.10000000000000D+01
            0.10000000000000D+01  0.10000000000000D+01  0.10000000000000D+01
            0.10000000000000D+01  0.10000000000000D+01  0.10000000000000D+01
            0.10000000000000D+01  0.10000000000000D+01  0.10000000000000D+01
            0.10000000000000D+01  0.10000000000000D+01  0.10000000000000D+01
            0.10000000000000D+01  0.10000000000000D+01  0.10000000000000D+01
            0.10000000000000D+01  0.10000000000000D+01  0.10000000000000D+01
            0.10000000000000D+01  0.10000000000000D+01  0.10000000000000D+01
            0.10000000000000D+01  0.10000000000000D+01  0.10000000000000D+01
            0.10000000000000D+01  0.10000000000000D+01  0.10000000000000D+01
            0.10000000000000D+01  0.10000000000000D+01  0.10000000000000D+01
            0.10000000000000D+01  0.10000000000000D+01  0.10000000000000D+01
            0.10000000000000D+01  0.10000000000000D+01  0.10000000000000D+01
            0.10000000000000D+01  0.10000000000000D+01  0.10000000000000D+01
            0.10000000000000D+01  0.10000000000000D+01  0.10000000000000D+01
            0.10000000000000D+01  0.10000000000000D+01  0.10000000000000D+01
            0.10000000000000D+01  0.10000000000000D+01  0.10000000000000D+01
            0.10000000000000D+01  0.10000000000000D+01  0.10000000000000D+01
            0.10000000000000D+01  0.10000000000000D+01  0.10000000000000D+01
            0.10000000000000D+01  0.10000000000000D+01  0.10000000000000D+01
            0.10000000000000D+01  0.10000000000000D+01  0.10000000000000D+01
            0.10000000000000D+01  0.10000000000000D+01  0.10000000000000D+01
            0.10000000000000D+01  0.10000000000000D+01  0.10000000000000D+01
            0.10000000000000D+01  0.10000000000000D+01  0.10000000000000D+01
            0.10000000000000D+01  0.10000000000000D+01  0.10000000000000D+01
            0.10000000000000D+01  0.10000000000000D+01  0.10000000000000D+01
            0.10000000000000D+01  0.10000000000000D+01  0.10000000000000D+01
            0.10000000000000D+01  0.10000000000000D+01  0.10000000000000D+01
            0.10000000000000D+01  0.10000000000000D+01  0.10000000000000D+01
            0.10000000000000D+01  0.10000000000000D+01  0.10000000000000D+01
            0.10000000000000D+01  0.10000000000000D+01  0.00000000000000D+00
            0.10000000000000D+01  0.00000000000000D+00  0.00000000000000D+00
            0.00000000000000D+00  0.00000000000000D+00  0.00000000000000D+00
            0.00000000000000D+00  0.00000000000000D+00  0.00000000000000D+00
            0.00000000000000D+00  0.00000000000000D+00  0.00000000000000D+00
            0.00000000000000D+00  0.00000000000000D+00  0.00000000000000D+00
            0.00000000000000D+00  0.00000000000000D+00  0.00000000000000D+00
            0.00000000000000D+00  0.00000000000000D+00  0.00000000000000D+00
     rprim  0.15139044928400D+02  0.38157104200000D-01  0.00000000000000D+00
            0.38157104200000D-01  0.15138926862300D+02  0.00000000000000D+00
            0.00000000000000D+00  0.00000000000000D+00  0.24286034967900D+02
  dfpt_sciss  0.00000000000000D+00
    spinat  0.00000000000000D+00  0.00000000000000D+00  0.70000000000000D+01
            0.00000000000000D+00  0.00000000000000D+00  0.00000000000000D+00
            0.00000000000000D+00  0.00000000000000D+00  0.00000000000000D+00
            0.00000000000000D+00  0.00000000000000D+00  0.00000000000000D+00
            0.00000000000000D+00  0.00000000000000D+00  0.00000000000000D+00
            0.00000000000000D+00  0.00000000000000D+00  0.00000000000000D+00
            0.00000000000000D+00  0.00000000000000D+00  0.00000000000000D+00
            0.00000000000000D+00  0.00000000000000D+00  0.00000000000000D+00
            0.00000000000000D+00  0.00000000000000D+00  0.00000000000000D+00
            0.00000000000000D+00  0.00000000000000D+00  0.00000000000000D+00
            0.00000000000000D+00  0.00000000000000D+00  0.00000000000000D+00
            0.00000000000000D+00  0.00000000000000D+00  0.00000000000000D+00
            0.00000000000000D+00  0.00000000000000D+00  0.00000000000000D+00
            0.00000000000000D+00  0.00000000000000D+00  0.00000000000000D+00
            0.00000000000000D+00  0.00000000000000D+00  0.00000000000000D+00
            0.00000000000000D+00  0.00000000000000D+00  0.00000000000000D+00
            0.00000000000000D+00  0.00000000000000D+00  0.00000000000000D+00
            0.00000000000000D+00  0.00000000000000D+00  0.00000000000000D+00
            0.00000000000000D+00  0.00000000000000D+00  0.00000000000000D+00
            0.00000000000000D+00  0.00000000000000D+00  0.00000000000000D+00
            0.00000000000000D+00  0.00000000000000D+00  0.00000000000000D+00
            0.00000000000000D+00  0.00000000000000D+00  0.00000000000000D+00
            0.00000000000000D+00  0.00000000000000D+00  0.00000000000000D+00
            0.00000000000000D+00  0.00000000000000D+00  0.00000000000000D+00
            0.00000000000000D+00  0.00000000000000D+00  0.00000000000000D+00
            0.00000000000000D+00  0.00000000000000D+00  0.00000000000000D+00
            0.00000000000000D+00  0.00000000000000D+00  0.00000000000000D+00
            0.00000000000000D+00  0.00000000000000D+00  0.00000000000000D+00
            0.00000000000000D+00  0.00000000000000D+00  0.00000000000000D+00
            0.00000000000000D+00  0.00000000000000D+00  0.00000000000000D+00
            0.00000000000000D+00  0.00000000000000D+00  0.00000000000000D+00
            0.00000000000000D+00  0.00000000000000D+00  0.00000000000000D+00
            0.00000000000000D+00  0.00000000000000D+00  0.00000000000000D+00
            0.00000000000000D+00  0.00000000000000D+00  0.00000000000000D+00
            0.00000000000000D+00  0.00000000000000D+00  0.00000000000000D+00
            0.00000000000000D+00  0.00000000000000D+00  0.00000000000000D+00
            0.00000000000000D+00  0.00000000000000D+00  0.00000000000000D+00
            0.00000000000000D+00  0.00000000000000D+00  0.00000000000000D+00
            0.00000000000000D+00  0.00000000000000D+00  0.00000000000000D+00
            0.00000000000000D+00  0.00000000000000D+00  0.00000000000000D+00
            0.00000000000000D+00  0.00000000000000D+00  0.00000000000000D+00
            0.00000000000000D+00  0.00000000000000D+00  0.00000000000000D+00
            0.00000000000000D+00  0.00000000000000D+00  0.00000000000000D+00
            0.00000000000000D+00  0.00000000000000D+00  0.00000000000000D+00
            0.00000000000000D+00  0.00000000000000D+00  0.00000000000000D+00
            0.00000000000000D+00  0.00000000000000D+00  0.00000000000000D+00
            0.00000000000000D+00  0.00000000000000D+00  0.00000000000000D+00
            0.00000000000000D+00  0.00000000000000D+00  0.00000000000000D+00
            0.00000000000000D+00  0.00000000000000D+00  0.00000000000000D+00
            0.00000000000000D+00  0.00000000000000D+00  0.00000000000000D+00
            0.00000000000000D+00  0.00000000000000D+00  0.00000000000000D+00
            0.00000000000000D+00  0.00000000000000D+00  0.00000000000000D+00
            0.00000000000000D+00  0.00000000000000D+00  0.00000000000000D+00
            0.00000000000000D+00  0.00000000000000D+00  0.00000000000000D+00
            0.00000000000000D+00  0.00000000000000D+00  0.00000000000000D+00
            0.00000000000000D+00  0.00000000000000D+00  0.00000000000000D+00
            0.00000000000000D+00  0.00000000000000D+00  0.00000000000000D+00
            0.00000000000000D+00  0.00000000000000D+00  0.00000000000000D+00
            0.00000000000000D+00  0.00000000000000D+00  0.00000000000000D+00
            0.00000000000000D+00  0.00000000000000D+00  0.00000000000000D+00
            0.00000000000000D+00  0.00000000000000D+00  0.00000000000000D+00
            0.00000000000000D+00  0.00000000000000D+00  0.00000000000000D+00
            0.00000000000000D+00  0.00000000000000D+00  0.00000000000000D+00
            0.00000000000000D+00  0.00000000000000D+00  0.00000000000000D+00
            0.00000000000000D+00  0.00000000000000D+00  0.00000000000000D+00
            0.00000000000000D+00  0.00000000000000D+00  0.00000000000000D+00
            0.00000000000000D+00  0.00000000000000D+00  0.00000000000000D+00
            0.00000000000000D+00  0.00000000000000D+00  0.00000000000000D+00
            0.00000000000000D+00  0.00000000000000D+00  0.00000000000000D+00
            0.00000000000000D+00  0.00000000000000D+00  0.00000000000000D+00
            0.00000000000000D+00  0.00000000000000D+00  0.00000000000000D+00
            0.00000000000000D+00  0.00000000000000D+00  0.00000000000000D+00
    symafm         1    1    1    1
    symrel         1    0    0    0    1    0    0    0    1
                  -1    0    0    0   -1    0    0    0   -1
                  -1    0    0    0   -1    0    0    0    1
                   1    0    0    0    1    0    0    0   -1
     tnons  0.00000000000000D+00  0.00000000000000D+00  0.00000000000000D+00
           -0.22204460492503D-15 -0.43368086899420D-18  0.25000000000000D+00
           -0.22204460492503D-15 -0.43368086899420D-18  0.00000000000000D+00
            0.00000000000000D+00  0.00000000000000D+00  0.25000000000000D+00
    tolwfr  0.10000000000000D+01
   tphysel  0.00000000000000D+00
    tsmear  0.10000000000000D-01
     typat         1    2    2    2    2    2    2    2    3    3    3    3
                   3    3    3    3    3    3    3    3    3    3    3    3
                   4    4    4    4    4    4    4    4    4    4    4    4
                   4    4    4    4    5    5    5    5    5    5    5    5
                   5    5    5    5    5    5    5    5    6    6    6    6
                   6    6    6    6    6    6    6    6    6    6    6    6
       wtk  0.50000000000000D+00  0.50000000000000D+00
      xred  0.50000000000000D+00 -0.21684043449710D-18  0.12500000000000D+00
            0.50000000000000D+00 -0.21684043449710D-18  0.37513006500000D+00
            0.50000000000000D+00 -0.21684043449710D-18  0.62500000000000D+00
            0.50000000000000D+00 -0.21684043449710D-18  0.87486993500000D+00
           -0.55511151231258D-16  0.50000000000000D+00 -0.15729905477992D-04
           -0.55511151231258D-16  0.50000000000000D+00  0.25001572990548D+00
           -0.55511151231258D-16  0.50000000000000D+00  0.50003024490000D+00
           -0.55511151231258D-16  0.50000000000000D+00  0.74996975510000D+00
            0.12546255830000D+00  0.82282768680000D+00  0.12500000000000D+00
            0.12556820460000D+00  0.82274197390000D+00  0.37523061750000D+00
            0.12586875290000D+00  0.82291238520000D+00  0.62500000000000D+00
            0.12556820460000D+00  0.82274197390000D+00  0.87476938250000D+00
            0.87453744170000D+00  0.17717231320000D+00  0.12500000000000D+00
            0.87443179540000D+00  0.17725802610000D+00  0.37523061750000D+00
            0.87413124710000D+00  0.17708761480000D+00  0.62500000000000D+00
            0.87443179540000D+00  0.17725802610000D+00  0.87476938250000D+00
            0.17686844490000D+00  0.12630920790000D+00 -0.32527579015999D-04
            0.17686844490000D+00  0.12630920790000D+00  0.25003252757902D+00
            0.17716150540000D+00  0.12640019760000D+00  0.50003518970000D+00
            0.17716150540000D+00  0.12640019760000D+00  0.74996481030000D+00
            0.82313155510000D+00  0.87369079210000D+00 -0.32527579015999D-04
            0.82313155510000D+00  0.87369079210000D+00  0.25003252757902D+00
            0.82283849460000D+00  0.87359980240000D+00  0.50003518970000D+00
            0.82283849460000D+00  0.87359980240000D+00  0.74996481030000D+00
            0.35283055570000D+00  0.68439109410000D+00 -0.22090790982418D-05
            0.35283055570000D+00  0.68439109410000D+00  0.25000220907910D+00
            0.35308705520000D+00  0.68443261240000D+00  0.50002394900000D+00
            0.35308705520000D+00  0.68443261240000D+00  0.74997605100000D+00
            0.64716944430000D+00  0.31560890590000D+00 -0.22090790982418D-05
            0.64716944430000D+00  0.31560890590000D+00  0.25000220907910D+00
            0.64691294480000D+00  0.31556738760000D+00  0.50002394900000D+00
            0.64691294480000D+00  0.31556738760000D+00  0.74997605100000D+00
            0.31610166680000D+00  0.35324414990000D+00  0.12500000000000D+00
            0.31597427150000D+00  0.35351658250000D+00  0.37514170960000D+00
            0.31595696830000D+00  0.35345629880000D+00  0.62500000000000D+00
            0.31597427150000D+00  0.35351658250000D+00  0.87485829040000D+00
            0.68389833320000D+00  0.64675585010000D+00  0.12500000000000D+00
            0.68402572850000D+00  0.64648341750000D+00  0.37514170960000D+00
            0.68404303170000D+00  0.64654370120000D+00  0.62500000000000D+00
            0.68402572850000D+00  0.64648341750000D+00  0.87485829040000D+00
            0.58456192480000D+00  0.72980046450000D+00 -0.14894238300001D-03
            0.58456192480000D+00  0.72980046450000D+00  0.25014894238300D+00
            0.58471367080000D+00  0.73006899960000D+00  0.50005484590000D+00
            0.58471367080000D+00  0.73006899960000D+00  0.74994515410000D+00
            0.41543807520000D+00  0.27019953550000D+00 -0.14894238300001D-03
            0.41543807520000D+00  0.27019953550000D+00  0.25014894238300D+00
            0.41528632920000D+00  0.26993100040000D+00  0.50005484590000D+00
            0.41528632920000D+00  0.26993100040000D+00  0.74994515410000D+00
            0.27004840860000D+00  0.58517817730000D+00  0.12500000000000D+00
            0.27008225590000D+00  0.58534144030000D+00  0.37507783020000D+00
            0.27010248440000D+00  0.58533634980000D+00  0.62500000000000D+00
            0.27008225590000D+00  0.58534144030000D+00  0.87492216980000D+00
            0.72995159140000D+00  0.41482182270000D+00  0.12500000000000D+00
            0.72991774410000D+00  0.41465855970000D+00  0.37507783020000D+00
            0.72989751560000D+00  0.41466365020000D+00  0.62500000000000D+00
            0.72991774410000D+00  0.41465855970000D+00  0.87492216980000D+00
            0.25446159180000D+00  0.89276336190000D+00 -0.31643550330999D-03
            0.25446159180000D+00  0.89276336190000D+00  0.25031643550331D+00
            0.25571542770000D+00  0.89317450770000D+00  0.50005659290000D+00
            0.25571542770000D+00  0.89317450770000D+00  0.74994340710000D+00
            0.74553840820000D+00  0.10723663810000D+00 -0.31643550330999D-03
            0.74553840820000D+00  0.10723663810000D+00  0.25031643550331D+00
            0.74428457230000D+00  0.10682549230000D+00  0.50005659290000D+00
            0.74428457230000D+00  0.10682549230000D+00  0.74994340710000D+00
            0.10773134640000D+00  0.25687632930000D+00  0.12500000000000D+00
            0.10769903260000D+00  0.25694112110000D+00  0.37506771280000D+00
            0.10760380700000D+00  0.25688604040000D+00  0.62500000000000D+00
            0.10769903260000D+00  0.25694112110000D+00  0.87493228720000D+00
            0.89226865360000D+00  0.74312367070000D+00  0.12500000000000D+00
            0.89230096740000D+00  0.74305887890000D+00  0.37506771280000D+00
            0.89239619300000D+00  0.74311395960000D+00  0.62500000000000D+00
            0.89230096740000D+00  0.74305887890000D+00  0.87493228720000D+00
     znucl  0.63000000000000D+02  0.38000000000000D+02  0.30000000000000D+01
            0.13000000000000D+02  0.70000000000000D+01  0.80000000000000D+01
      zion  0.17000000000000D+02  0.10000000000000D+02  0.30000000000000D+01
            0.30000000000000D+01  0.50000000000000D+01  0.60000000000000D+01
 
 No information on the potentials yet 
 
 **** Database of total energy derivatives ****
 Number of data blocks=    2
  
 Total energy                 - # elements :       1
 -0.88950728484064D+03  0.00000000000000D+00
  
 1st derivatives              - # elements :     222
   1   1  0.00000000000000D+00  0.00000000000000D+00
   2   1  0.00000000000000D+00  0.00000000000000D+00
   3   1  0.00000000000000D+00  0.00000000000000D+00
   1   2  0.00000000000000D+00  0.00000000000000D+00
   2   2  0.00000000000000D+00  0.00000000000000D+00
   3   2  0.27988312993814D-01  0.00000000000000D+00
   1   3  0.00000000000000D+00  0.00000000000000D+00
   2   3  0.00000000000000D+00  0.00000000000000D+00
   3   3  0.00000000000000D+00  0.00000000000000D+00
   1   4  0.00000000000000D+00  0.00000000000000D+00
   2   4  0.00000000000000D+00  0.00000000000000D+00
   3   4 -0.27988312993814D-01  0.00000000000000D+00
   1   5  0.00000000000000D+00  0.00000000000000D+00
   2   5  0.00000000000000D+00  0.00000000000000D+00
   3   5  0.13793882960175D-01  0.00000000000000D+00
   1   6  0.00000000000000D+00  0.00000000000000D+00
   2   6  0.00000000000000D+00  0.00000000000000D+00
   3   6 -0.13793882960175D-01  0.00000000000000D+00
   1   7  0.00000000000000D+00  0.00000000000000D+00
   2   7  0.00000000000000D+00  0.00000000000000D+00
   3   7 -0.28153367621002D-01  0.00000000000000D+00
   1   8  0.00000000000000D+00  0.00000000000000D+00
   2   8  0.00000000000000D+00  0.00000000000000D+00
   3   8  0.28153367621002D-01  0.00000000000000D+00
   1   9  0.26902251539222D-02  0.00000000000000D+00
   2   9  0.58341188638860D-02  0.00000000000000D+00
   3   9  0.00000000000000D+00  0.00000000000000D+00
   1  10 -0.15194161484185D-02  0.00000000000000D+00
   2  10 -0.31772259692432D-02  0.00000000000000D+00
   3  10 -0.27382263559169D-01  0.00000000000000D+00
   1  11 -0.28522623907675D-02  0.00000000000000D+00
   2  11 -0.30279121873703D-02  0.00000000000000D+00
   3  11  0.00000000000000D+00  0.00000000000000D+00
   1  12 -0.15194161484185D-02  0.00000000000000D+00
   2  12 -0.31772259692432D-02  0.00000000000000D+00
   3  12  0.27382263559169D-01  0.00000000000000D+00
   1  13 -0.26902251539222D-02  0.00000000000000D+00
   2  13 -0.58341188638860D-02  0.00000000000000D+00
   3  13  0.00000000000000D+00  0.00000000000000D+00
   1  14  0.15194161484185D-02  0.00000000000000D+00
   2  14  0.31772259692432D-02  0.00000000000000D+00
   3  14 -0.27382263559169D-01  0.00000000000000D+00
   1  15  0.28522623907675D-02  0.00000000000000D+00
   2  15  0.30279121873703D-02  0.00000000000000D+00
   3  15  0.00000000000000D+00  0.00000000000000D+00
   1  16  0.15194161484185D-02  0.00000000000000D+00
   2  16  0.31772259692432D-02  0.00000000000000D+00
   3  16  0.27382263559169D-01  0.00000000000000D+00
   1  17  0.34886873938024D-02  0.00000000000000D+00
   2  17 -0.93086633213194D-02  0.00000000000000D+00
   3  17  0.19080750913184D-01  0.00000000000000D+00
   1  18  0.34886873938024D-02  0.00000000000000D+00
   2  18 -0.93086633213194D-02  0.00000000000000D+00
   3  18 -0.19080750913184D-01  0.00000000000000D+00
   1  19 -0.69674288249295D-02  0.00000000000000D+00
   2  19  0.34884348564010D-02  0.00000000000000D+00
   3  19 -0.84223785081929D-02  0.00000000000000D+00
   1  20 -0.69674288249295D-02  0.00000000000000D+00
   2  20  0.34884348564010D-02  0.00000000000000D+00
   3  20  0.84223785081929D-02  0.00000000000000D+00
   1  21 -0.34886873938024D-02  0.00000000000000D+00
   2  21  0.93086633213194D-02  0.00000000000000D+00
   3  21  0.19080750913184D-01  0.00000000000000D+00
   1  22 -0.34886873938024D-02  0.00000000000000D+00
   2  22  0.93086633213194D-02  0.00000000000000D+00
   3  22 -0.19080750913184D-01  0.00000000000000D+00
   1  23  0.69674288249295D-02  0.00000000000000D+00
   2  23 -0.34884348564010D-02  0.00000000000000D+00
   3  23 -0.84223785081929D-02  0.00000000000000D+00
   1  24  0.69674288249295D-02  0.00000000000000D+00
   2  24 -0.34884348564010D-02  0.00000000000000D+00
   3  24  0.84223785081929D-02  0.00000000000000D+00
   1  25  0.76148703360119D-02  0.00000000000000D+00
   2  25  0.11834885955394D-01  0.00000000000000D+00
   3  25  0.96621600929278D-02  0.00000000000000D+00
   1  26  0.76148703360119D-02  0.00000000000000D+00
   2  26  0.11834885955394D-01  0.00000000000000D+00
   3  26 -0.96621600929279D-02  0.00000000000000D+00
   1  27 -0.14471458579817D-01  0.00000000000000D+00
   2  27 -0.24486118210714D-01  0.00000000000000D+00
   3  27 -0.32646870760431D-01  0.00000000000000D+00
   1  28 -0.14471458579817D-01  0.00000000000000D+00
   2  28 -0.24486118210714D-01  0.00000000000000D+00
   3  28  0.32646870760431D-01  0.00000000000000D+00
   1  29 -0.76148703360119D-02  0.00000000000000D+00
   2  29 -0.11834885955394D-01  0.00000000000000D+00
   3  29  0.96621600929279D-02  0.00000000000000D+00
   1  30 -0.76148703360119D-02  0.00000000000000D+00
   2  30 -0.11834885955394D-01  0.00000000000000D+00
   3  30 -0.96621600929278D-02  0.00000000000000D+00
   1  31  0.14471458579817D-01  0.00000000000000D+00
   2  31  0.24486118210714D-01  0.00000000000000D+00
   3  31 -0.32646870760431D-01  0.00000000000000D+00
   1  32  0.14471458579817D-01  0.00000000000000D+00
   2  32  0.24486118210714D-01  0.00000000000000D+00
   3  32  0.32646870760431D-01  0.00000000000000D+00
   1  33 -0.46832294399200D-02  0.00000000000000D+00
   2  33 -0.28879618322573D-02  0.00000000000000D+00
   3  33  0.00000000000000D+00  0.00000000000000D+00
   1  34  0.69196743004468D-03  0.00000000000000D+00
   2  34  0.25506270172362D-01  0.00000000000000D+00
   3  34 -0.88738289498112D-01  0.00000000000000D+00
   1  35 -0.97709213643858D-02  0.00000000000000D+00
   2  35  0.59183338084273D-02  0.00000000000000D+00
   3  35  0.00000000000000D+00  0.00000000000000D+00
   1  36  0.69196743004468D-03  0.00000000000000D+00
   2  36  0.25506270172362D-01  0.00000000000000D+00
   3  36  0.88738289498112D-01  0.00000000000000D+00
   1  37  0.46832294399200D-02  0.00000000000000D+00
   2  37  0.28879618322573D-02  0.00000000000000D+00
   3  37  0.00000000000000D+00  0.00000000000000D+00
   1  38 -0.69196743004468D-03  0.00000000000000D+00
   2  38 -0.25506270172362D-01  0.00000000000000D+00
   3  38 -0.88738289498112D-01  0.00000000000000D+00
   1  39  0.97709213643858D-02  0.00000000000000D+00
   2  39 -0.59183338084273D-02  0.00000000000000D+00
   3  39  0.00000000000000D+00  0.00000000000000D+00
   1  40 -0.69196743004468D-03  0.00000000000000D+00
   2  40 -0.25506270172362D-01  0.00000000000000D+00
   3  40  0.88738289498112D-01  0.00000000000000D+00
   1  41  0.19811421375130D-01  0.00000000000000D+00
   2  41 -0.62796302914354D-01  0.00000000000000D+00
   3  41 -0.13052299803150D+00  0.00000000000000D+00
   1  42  0.19811421375130D-01  0.00000000000000D+00
   2  42 -0.62796302914354D-01  0.00000000000000D+00
   3  42  0.13052299803150D+00  0.00000000000000D+00
   1  43 -0.85269709578375D-02  0.00000000000000D+00
   2  43  0.32874791817784D-01  0.00000000000000D+00
   3  43  0.12406265868089D-01  0.00000000000000D+00
   1  44 -0.85269709578375D-02  0.00000000000000D+00
   2  44  0.32874791817784D-01  0.00000000000000D+00
   3  44 -0.12406265868089D-01  0.00000000000000D+00
   1  45 -0.19811421375130D-01  0.00000000000000D+00
   2  45  0.62796302914354D-01  0.00000000000000D+00
   3  45 -0.13052299803150D+00  0.00000000000000D+00
   1  46 -0.19811421375130D-01  0.00000000000000D+00
   2  46  0.62796302914354D-01  0.00000000000000D+00
   3  46  0.13052299803150D+00  0.00000000000000D+00
   1  47  0.85269709578375D-02  0.00000000000000D+00
   2  47 -0.32874791817784D-01  0.00000000000000D+00
   3  47  0.12406265868089D-01  0.00000000000000D+00
   1  48  0.85269709578375D-02  0.00000000000000D+00
   2  48 -0.32874791817784D-01  0.00000000000000D+00
   3  48 -0.12406265868089D-01  0.00000000000000D+00
   1  49 -0.62151718804557D-03  0.00000000000000D+00
   2  49  0.95397361026072D-02  0.00000000000000D+00
   3  49  0.00000000000000D+00  0.00000000000000D+00
   1  50 -0.92621111285083D-02  0.00000000000000D+00
   2  50  0.86137521707681D-02  0.00000000000000D+00
   3  50  0.67667196880445D-01  0.00000000000000D+00
   1  51  0.40803522234798D-02  0.00000000000000D+00
   2  51  0.47834277735311D-02  0.00000000000000D+00
   3  51  0.00000000000000D+00  0.00000000000000D+00
   1  52 -0.92621111285083D-02  0.00000000000000D+00
   2  52  0.86137521707681D-02  0.00000000000000D+00
   3  52 -0.67667196880445D-01  0.00000000000000D+00
   1  53  0.62151718804557D-03  0.00000000000000D+00
   2  53 -0.95397361026072D-02  0.00000000000000D+00
   3  53  0.00000000000000D+00  0.00000000000000D+00
   1  54  0.92621111285083D-02  0.00000000000000D+00
   2  54 -0.86137521707681D-02  0.00000000000000D+00
   3  54  0.67667196880445D-01  0.00000000000000D+00
   1  55 -0.40803522234798D-02  0.00000000000000D+00
   2  55 -0.47834277735311D-02  0.00000000000000D+00
   3  55  0.00000000000000D+00  0.00000000000000D+00
   1  56  0.92621111285083D-02  0.00000000000000D+00
   2  56 -0.86137521707681D-02  0.00000000000000D+00
   3  56 -0.67667196880445D-01  0.00000000000000D+00
   1  57 -0.38239245009153D-01  0.00000000000000D+00
   2  57 -0.30559435627920D-01  0.00000000000000D+00
   3  57 -0.14986926951043D+00  0.00000000000000D+00
   1  58 -0.38239245009153D-01  0.00000000000000D+00
   2  58 -0.30559435627920D-01  0.00000000000000D+00
   3  58  0.14986926951043D+00  0.00000000000000D+00
   1  59  0.28337865266573D-01  0.00000000000000D+00
   2  59  0.17091695546043D-01  0.00000000000000D+00
   3  59  0.10632285940226D-01  0.00000000000000D+00
   1  60  0.28337865266573D-01  0.00000000000000D+00
   2  60  0.17091695546043D-01  0.00000000000000D+00
   3  60 -0.10632285940226D-01  0.00000000000000D+00
   1  61  0.38239245009153D-01  0.00000000000000D+00
   2  61  0.30559435627920D-01  0.00000000000000D+00
   3  61 -0.14986926951043D+00  0.00000000000000D+00
   1  62  0.38239245009153D-01  0.00000000000000D+00
   2  62  0.30559435627920D-01  0.00000000000000D+00
   3  62  0.14986926951043D+00  0.00000000000000D+00
   1  63 -0.28337865266573D-01  0.00000000000000D+00
   2  63 -0.17091695546043D-01  0.00000000000000D+00
   3  63  0.10632285940226D-01  0.00000000000000D+00
   1  64 -0.28337865266573D-01  0.00000000000000D+00
   2  64 -0.17091695546043D-01  0.00000000000000D+00
   3  64 -0.10632285940226D-01  0.00000000000000D+00
   1  65  0.57344230948344D-02  0.00000000000000D+00
   2  65  0.89285717086491D-02  0.00000000000000D+00
   3  65  0.00000000000000D+00  0.00000000000000D+00
   1  66  0.72831308670830D-02  0.00000000000000D+00
   2  66 -0.53513531531196D-03  0.00000000000000D+00
   3  66  0.34948197787343D-01  0.00000000000000D+00
   1  67  0.77737066459722D-02  0.00000000000000D+00
   2  67 -0.35276684816883D-02  0.00000000000000D+00
   3  67  0.00000000000000D+00  0.00000000000000D+00
   1  68  0.72831308670830D-02  0.00000000000000D+00
   2  68 -0.53513531531196D-03  0.00000000000000D+00
   3  68 -0.34948197787343D-01  0.00000000000000D+00
   1  69 -0.57344230948344D-02  0.00000000000000D+00
   2  69 -0.89285717086491D-02  0.00000000000000D+00
   3  69  0.00000000000000D+00  0.00000000000000D+00
   1  70 -0.72831308670830D-02  0.00000000000000D+00
   2  70  0.53513531531196D-03  0.00000000000000D+00
   3  70  0.34948197787343D-01  0.00000000000000D+00
   1  71 -0.77737066459722D-02  0.00000000000000D+00
   2  71  0.35276684816883D-02  0.00000000000000D+00
   3  71  0.00000000000000D+00  0.00000000000000D+00
   1  72 -0.72831308670830D-02  0.00000000000000D+00
   2  72  0.53513531531196D-03  0.00000000000000D+00
   3  72 -0.34948197787343D-01  0.00000000000000D+00
   1  75  0.44106713343598D-03  0.00000000000000D+00
   2  75  0.45322991083368D-03  0.00000000000000D+00
   3  75  0.47821667089148D-03  0.00000000000000D+00
   1  76  0.00000000000000D+00  0.00000000000000D+00
   2  76  0.00000000000000D+00  0.00000000000000D+00
   3  76  0.47579358160666D-05  0.00000000000000D+00
