
 **** DERIVATIVE DATABASE ****    
+DDB, Version number    100401

  Note : temporary (transfer) database

    usepaw         1
     natom        72
      nkpt         2
    nsppol         2
      nsym         4
    ntypat         6
    occopt         2
     nband       204  204
     acell  0.10000000000000D+01  0.10000000000000D+01  0.10000000000000D+01
       amu  0.15196500000000D+03  0.87620000000000D+02  0.69410000000000D+01
            0.26981539000000D+02  0.14006740000000D+02  0.15999400000000D+02
   dilatmx  0.10500000000000D+01
      ecut  0.15000000000000D+02
 pawecutdg  0.30000000000000D+02
    ecutsm  0.50000000000000D+00
     intxc         0
      iscf        17
       ixc   -101130
       kpt  0.25000000000000D+00  0.25000000000000D+00  0.25000000000000D+00
           -0.25000000000000D+00  0.25000000000000D+00  0.25000000000000D+00
    kptnrm  0.10000000000000D+01
     ngfft        60   60   90
    nspden         2
   nspinor         1
       occ  0.10000000000000D+01  0.10000000000000D+01  0.10000000000000D+01
            0.10000000000000D+01  0.10000000000000D+01  0.10000000000000D+01
            0.10000000000000D+01  0.10000000000000D+01  0.10000000000000D+01
            0.10000000000000D+01  0.10000000000000D+01  0.10000000000000D+01
            0.10000000000000D+01  0.10000000000000D+01  0.10000000000000D+01
            0.10000000000000D+01  0.10000000000000D+01  0.10000000000000D+01
            0.10000000000000D+01  0.10000000000000D+01  0.10000000000000D+01
            0.10000000000000D+01  0.10000000000000D+01  0.10000000000000D+01
            0.10000000000000D+01  0.10000000000000D+01  0.10000000000000D+01
            0.10000000000000D+01  0.10000000000000D+01  0.10000000000000D+01
            0.10000000000000D+01  0.10000000000000D+01  0.10000000000000D+01
            0.10000000000000D+01  0.10000000000000D+01  0.10000000000000D+01
            0.10000000000000D+01  0.10000000000000D+01  0.10000000000000D+01
            0.10000000000000D+01  0.10000000000000D+01  0.10000000000000D+01
            0.10000000000000D+01  0.10000000000000D+01  0.10000000000000D+01
            0.10000000000000D+01  0.10000000000000D+01  0.10000000000000D+01
            0.10000000000000D+01  0.10000000000000D+01  0.10000000000000D+01
            0.10000000000000D+01  0.10000000000000D+01  0.10000000000000D+01
            0.10000000000000D+01  0.10000000000000D+01  0.10000000000000D+01
            0.10000000000000D+01  0.10000000000000D+01  0.10000000000000D+01
            0.10000000000000D+01  0.10000000000000D+01  0.10000000000000D+01
            0.10000000000000D+01  0.10000000000000D+01  0.10000000000000D+01
            0.10000000000000D+01  0.10000000000000D+01  0.10000000000000D+01
            0.10000000000000D+01  0.10000000000000D+01  0.10000000000000D+01
            0.10000000000000D+01  0.10000000000000D+01  0.10000000000000D+01
            0.10000000000000D+01  0.10000000000000D+01  0.10000000000000D+01
            0.10000000000000D+01  0.10000000000000D+01  0.10000000000000D+01
            0.10000000000000D+01  0.10000000000000D+01  0.10000000000000D+01
            0.10000000000000D+01  0.10000000000000D+01  0.10000000000000D+01
            0.10000000000000D+01  0.10000000000000D+01  0.10000000000000D+01
            0.10000000000000D+01  0.10000000000000D+01  0.10000000000000D+01
            0.10000000000000D+01  0.10000000000000D+01  0.10000000000000D+01
            0.10000000000000D+01  0.10000000000000D+01  0.10000000000000D+01
            0.10000000000000D+01  0.10000000000000D+01  0.10000000000000D+01
            0.10000000000000D+01  0.10000000000000D+01  0.10000000000000D+01
            0.10000000000000D+01  0.10000000000000D+01  0.10000000000000D+01
            0.10000000000000D+01  0.10000000000000D+01  0.10000000000000D+01
            0.10000000000000D+01  0.10000000000000D+01  0.10000000000000D+01
            0.10000000000000D+01  0.10000000000000D+01  0.10000000000000D+01
            0.10000000000000D+01  0.10000000000000D+01  0.10000000000000D+01
            0.10000000000000D+01  0.10000000000000D+01  0.10000000000000D+01
            0.10000000000000D+01  0.10000000000000D+01  0.10000000000000D+01
            0.10000000000000D+01  0.10000000000000D+01  0.10000000000000D+01
            0.10000000000000D+01  0.10000000000000D+01  0.10000000000000D+01
            0.10000000000000D+01  0.10000000000000D+01  0.10000000000000D+01
            0.10000000000000D+01  0.10000000000000D+01  0.10000000000000D+01
            0.10000000000000D+01  0.10000000000000D+01  0.10000000000000D+01
            0.10000000000000D+01  0.10000000000000D+01  0.10000000000000D+01
            0.10000000000000D+01  0.10000000000000D+01  0.10000000000000D+01
            0.10000000000000D+01  0.10000000000000D+01  0.10000000000000D+01
            0.10000000000000D+01  0.10000000000000D+01  0.10000000000000D+01
            0.10000000000000D+01  0.10000000000000D+01  0.10000000000000D+01
            0.10000000000000D+01  0.10000000000000D+01  0.10000000000000D+01
            0.10000000000000D+01  0.10000000000000D+01  0.10000000000000D+01
            0.10000000000000D+01  0.10000000000000D+01  0.10000000000000D+01
            0.10000000000000D+01  0.10000000000000D+01  0.10000000000000D+01
            0.10000000000000D+01  0.10000000000000D+01  0.10000000000000D+01
            0.10000000000000D+01  0.10000000000000D+01  0.10000000000000D+01
            0.10000000000000D+01  0.10000000000000D+01  0.10000000000000D+01
            0.10000000000000D+01  0.10000000000000D+01  0.10000000000000D+01
            0.10000000000000D+01  0.10000000000000D+01  0.10000000000000D+01
            0.00000000000000D+00  0.00000000000000D+00  0.00000000000000D+00
            0.00000000000000D+00  0.00000000000000D+00  0.00000000000000D+00
            0.00000000000000D+00  0.00000000000000D+00  0.00000000000000D+00
            0.00000000000000D+00  0.00000000000000D+00  0.00000000000000D+00
            0.00000000000000D+00  0.00000000000000D+00  0.00000000000000D+00
            0.00000000000000D+00  0.00000000000000D+00  0.00000000000000D+00
            0.00000000000000D+00  0.00000000000000D+00  0.00000000000000D+00
            0.10000000000000D+01  0.10000000000000D+01  0.10000000000000D+01
            0.10000000000000D+01  0.10000000000000D+01  0.10000000000000D+01
            0.10000000000000D+01  0.10000000000000D+01  0.10000000000000D+01
            0.10000000000000D+01  0.10000000000000D+01  0.10000000000000D+01
            0.10000000000000D+01  0.10000000000000D+01  0.10000000000000D+01
            0.10000000000000D+01  0.10000000000000D+01  0.10000000000000D+01
            0.10000000000000D+01  0.10000000000000D+01  0.10000000000000D+01
            0.10000000000000D+01  0.10000000000000D+01  0.10000000000000D+01
            0.10000000000000D+01  0.10000000000000D+01  0.10000000000000D+01
            0.10000000000000D+01  0.10000000000000D+01  0.10000000000000D+01
            0.10000000000000D+01  0.10000000000000D+01  0.10000000000000D+01
            0.10000000000000D+01  0.10000000000000D+01  0.10000000000000D+01
            0.10000000000000D+01  0.10000000000000D+01  0.10000000000000D+01
            0.10000000000000D+01  0.10000000000000D+01  0.10000000000000D+01
            0.10000000000000D+01  0.10000000000000D+01  0.10000000000000D+01
            0.10000000000000D+01  0.10000000000000D+01  0.10000000000000D+01
            0.10000000000000D+01  0.10000000000000D+01  0.10000000000000D+01
            0.10000000000000D+01  0.10000000000000D+01  0.10000000000000D+01
            0.10000000000000D+01  0.10000000000000D+01  0.10000000000000D+01
            0.10000000000000D+01  0.10000000000000D+01  0.10000000000000D+01
            0.10000000000000D+01  0.10000000000000D+01  0.10000000000000D+01
            0.10000000000000D+01  0.10000000000000D+01  0.10000000000000D+01
            0.10000000000000D+01  0.10000000000000D+01  0.10000000000000D+01
            0.10000000000000D+01  0.10000000000000D+01  0.10000000000000D+01
            0.10000000000000D+01  0.10000000000000D+01  0.10000000000000D+01
            0.10000000000000D+01  0.10000000000000D+01  0.10000000000000D+01
            0.10000000000000D+01  0.10000000000000D+01  0.10000000000000D+01
            0.10000000000000D+01  0.10000000000000D+01  0.10000000000000D+01
            0.10000000000000D+01  0.10000000000000D+01  0.10000000000000D+01
            0.10000000000000D+01  0.10000000000000D+01  0.10000000000000D+01
            0.10000000000000D+01  0.10000000000000D+01  0.10000000000000D+01
            0.10000000000000D+01  0.10000000000000D+01  0.10000000000000D+01
            0.10000000000000D+01  0.10000000000000D+01  0.10000000000000D+01
            0.10000000000000D+01  0.10000000000000D+01  0.10000000000000D+01
            0.10000000000000D+01  0.10000000000000D+01  0.10000000000000D+01
            0.10000000000000D+01  0.10000000000000D+01  0.10000000000000D+01
            0.10000000000000D+01  0.10000000000000D+01  0.10000000000000D+01
            0.10000000000000D+01  0.10000000000000D+01  0.10000000000000D+01
            0.10000000000000D+01  0.10000000000000D+01  0.10000000000000D+01
            0.10000000000000D+01  0.10000000000000D+01  0.10000000000000D+01
            0.10000000000000D+01  0.10000000000000D+01  0.10000000000000D+01
            0.10000000000000D+01  0.10000000000000D+01  0.10000000000000D+01
            0.10000000000000D+01  0.10000000000000D+01  0.10000000000000D+01
            0.10000000000000D+01  0.10000000000000D+01  0.10000000000000D+01
            0.10000000000000D+01  0.10000000000000D+01  0.10000000000000D+01
            0.10000000000000D+01  0.10000000000000D+01  0.10000000000000D+01
            0.10000000000000D+01  0.10000000000000D+01  0.10000000000000D+01
            0.10000000000000D+01  0.10000000000000D+01  0.10000000000000D+01
            0.10000000000000D+01  0.10000000000000D+01  0.10000000000000D+01
            0.10000000000000D+01  0.10000000000000D+01  0.10000000000000D+01
            0.10000000000000D+01  0.10000000000000D+01  0.10000000000000D+01
            0.10000000000000D+01  0.10000000000000D+01  0.10000000000000D+01
            0.10000000000000D+01  0.10000000000000D+01  0.10000000000000D+01
            0.10000000000000D+01  0.10000000000000D+01  0.10000000000000D+01
            0.10000000000000D+01  0.10000000000000D+01  0.10000000000000D+01
            0.10000000000000D+01  0.10000000000000D+01  0.10000000000000D+01
            0.10000000000000D+01  0.10000000000000D+01  0.10000000000000D+01
            0.10000000000000D+01  0.10000000000000D+01  0.10000000000000D+01
            0.10000000000000D+01  0.10000000000000D+01  0.10000000000000D+01
            0.10000000000000D+01  0.10000000000000D+01  0.10000000000000D+01
            0.10000000000000D+01  0.10000000000000D+01  0.10000000000000D+01
            0.00000000000000D+00  0.00000000000000D+00  0.00000000000000D+00
            0.00000000000000D+00  0.00000000000000D+00  0.00000000000000D+00
            0.00000000000000D+00  0.00000000000000D+00  0.00000000000000D+00
            0.00000000000000D+00  0.00000000000000D+00  0.00000000000000D+00
            0.00000000000000D+00  0.00000000000000D+00  0.00000000000000D+00
            0.00000000000000D+00  0.00000000000000D+00  0.00000000000000D+00
            0.00000000000000D+00  0.00000000000000D+00  0.00000000000000D+00
     rprim  0.15040330225900D+02  0.00000000000000D+00  0.00000000000000D+00
            0.00000000000000D+00  0.15040330225900D+02  0.00000000000000D+00
            0.00000000000000D+00  0.00000000000000D+00  0.24067551923200D+02
  dfpt_sciss  0.00000000000000D+00
    spinat  0.00000000000000D+00  0.00000000000000D+00  0.70000000000000D+01
            0.00000000000000D+00  0.00000000000000D+00  0.00000000000000D+00
            0.00000000000000D+00  0.00000000000000D+00  0.00000000000000D+00
            0.00000000000000D+00  0.00000000000000D+00  0.00000000000000D+00
            0.00000000000000D+00  0.00000000000000D+00  0.00000000000000D+00
            0.00000000000000D+00  0.00000000000000D+00  0.00000000000000D+00
            0.00000000000000D+00  0.00000000000000D+00  0.00000000000000D+00
            0.00000000000000D+00  0.00000000000000D+00  0.00000000000000D+00
            0.00000000000000D+00  0.00000000000000D+00  0.00000000000000D+00
            0.00000000000000D+00  0.00000000000000D+00  0.00000000000000D+00
            0.00000000000000D+00  0.00000000000000D+00  0.00000000000000D+00
            0.00000000000000D+00  0.00000000000000D+00  0.00000000000000D+00
            0.00000000000000D+00  0.00000000000000D+00  0.00000000000000D+00
            0.00000000000000D+00  0.00000000000000D+00  0.00000000000000D+00
            0.00000000000000D+00  0.00000000000000D+00  0.00000000000000D+00
            0.00000000000000D+00  0.00000000000000D+00  0.00000000000000D+00
            0.00000000000000D+00  0.00000000000000D+00  0.00000000000000D+00
            0.00000000000000D+00  0.00000000000000D+00  0.00000000000000D+00
            0.00000000000000D+00  0.00000000000000D+00  0.00000000000000D+00
            0.00000000000000D+00  0.00000000000000D+00  0.00000000000000D+00
            0.00000000000000D+00  0.00000000000000D+00  0.00000000000000D+00
            0.00000000000000D+00  0.00000000000000D+00  0.00000000000000D+00
            0.00000000000000D+00  0.00000000000000D+00  0.00000000000000D+00
            0.00000000000000D+00  0.00000000000000D+00  0.00000000000000D+00
            0.00000000000000D+00  0.00000000000000D+00  0.00000000000000D+00
            0.00000000000000D+00  0.00000000000000D+00  0.00000000000000D+00
            0.00000000000000D+00  0.00000000000000D+00  0.00000000000000D+00
            0.00000000000000D+00  0.00000000000000D+00  0.00000000000000D+00
            0.00000000000000D+00  0.00000000000000D+00  0.00000000000000D+00
            0.00000000000000D+00  0.00000000000000D+00  0.00000000000000D+00
            0.00000000000000D+00  0.00000000000000D+00  0.00000000000000D+00
            0.00000000000000D+00  0.00000000000000D+00  0.00000000000000D+00
            0.00000000000000D+00  0.00000000000000D+00  0.00000000000000D+00
            0.00000000000000D+00  0.00000000000000D+00  0.00000000000000D+00
            0.00000000000000D+00  0.00000000000000D+00  0.00000000000000D+00
            0.00000000000000D+00  0.00000000000000D+00  0.00000000000000D+00
            0.00000000000000D+00  0.00000000000000D+00  0.00000000000000D+00
            0.00000000000000D+00  0.00000000000000D+00  0.00000000000000D+00
            0.00000000000000D+00  0.00000000000000D+00  0.00000000000000D+00
            0.00000000000000D+00  0.00000000000000D+00  0.00000000000000D+00
            0.00000000000000D+00  0.00000000000000D+00  0.00000000000000D+00
            0.00000000000000D+00  0.00000000000000D+00  0.00000000000000D+00
            0.00000000000000D+00  0.00000000000000D+00  0.00000000000000D+00
            0.00000000000000D+00  0.00000000000000D+00  0.00000000000000D+00
            0.00000000000000D+00  0.00000000000000D+00  0.00000000000000D+00
            0.00000000000000D+00  0.00000000000000D+00  0.00000000000000D+00
            0.00000000000000D+00  0.00000000000000D+00  0.00000000000000D+00
            0.00000000000000D+00  0.00000000000000D+00  0.00000000000000D+00
            0.00000000000000D+00  0.00000000000000D+00  0.00000000000000D+00
            0.00000000000000D+00  0.00000000000000D+00  0.00000000000000D+00
            0.00000000000000D+00  0.00000000000000D+00  0.00000000000000D+00
            0.00000000000000D+00  0.00000000000000D+00  0.00000000000000D+00
            0.00000000000000D+00  0.00000000000000D+00  0.00000000000000D+00
            0.00000000000000D+00  0.00000000000000D+00  0.00000000000000D+00
            0.00000000000000D+00  0.00000000000000D+00  0.00000000000000D+00
            0.00000000000000D+00  0.00000000000000D+00  0.00000000000000D+00
            0.00000000000000D+00  0.00000000000000D+00  0.00000000000000D+00
            0.00000000000000D+00  0.00000000000000D+00  0.00000000000000D+00
            0.00000000000000D+00  0.00000000000000D+00  0.00000000000000D+00
            0.00000000000000D+00  0.00000000000000D+00  0.00000000000000D+00
            0.00000000000000D+00  0.00000000000000D+00  0.00000000000000D+00
            0.00000000000000D+00  0.00000000000000D+00  0.00000000000000D+00
            0.00000000000000D+00  0.00000000000000D+00  0.00000000000000D+00
            0.00000000000000D+00  0.00000000000000D+00  0.00000000000000D+00
            0.00000000000000D+00  0.00000000000000D+00  0.00000000000000D+00
            0.00000000000000D+00  0.00000000000000D+00  0.00000000000000D+00
            0.00000000000000D+00  0.00000000000000D+00  0.00000000000000D+00
            0.00000000000000D+00  0.00000000000000D+00  0.00000000000000D+00
            0.00000000000000D+00  0.00000000000000D+00  0.00000000000000D+00
            0.00000000000000D+00  0.00000000000000D+00  0.00000000000000D+00
            0.00000000000000D+00  0.00000000000000D+00  0.00000000000000D+00
            0.00000000000000D+00  0.00000000000000D+00  0.00000000000000D+00
    symafm         1    1    1    1
    symrel         1    0    0    0    1    0    0    0    1
                  -1    0    0    0   -1    0    0    0   -1
                  -1    0    0    0   -1    0    0    0    1
                   1    0    0    0    1    0    0    0   -1
     tnons  0.00000000000000D+00  0.00000000000000D+00  0.00000000000000D+00
           -0.11102230246252D-15  0.00000000000000D+00  0.25000000000000D+00
           -0.11102230246252D-15  0.00000000000000D+00  0.00000000000000D+00
            0.00000000000000D+00  0.00000000000000D+00  0.25000000000000D+00
    tolwfr  0.10000000000000D+01
   tphysel  0.00000000000000D+00
    tsmear  0.10000000000000D-01
     typat         1    2    2    2    2    2    2    2    3    3    3    3
                   3    3    3    3    3    3    3    3    3    3    3    3
                   4    4    4    4    4    4    4    4    4    4    4    4
                   4    4    4    4    5    5    5    5    5    5    5    5
                   5    5    5    5    5    5    5    5    6    6    6    6
                   6    6    6    6    6    6    6    6    6    6    6    6
       wtk  0.50000000000000D+00  0.50000000000000D+00
      xred  0.50000000000000D+00 -0.24329327025039D-19  0.12500000000000D+00
            0.50000000000000D+00 -0.24329327025118D-19  0.37513006499388D+00
            0.50000000000000D+00 -0.24329327025039D-19  0.62500000000000D+00
            0.50000000000000D+00 -0.24329327024496D-19  0.87486993500612D+00
            0.37641279810274D-19  0.50000000000000D+00 -0.15729910956009D-04
            0.37641279810274D-19  0.50000000000000D+00  0.25001572991096D+00
            0.37641279810274D-19  0.50000000000000D+00  0.50003024485324D+00
            0.37641279810274D-19  0.50000000000000D+00  0.74996975514676D+00
            0.12546255825135D+00  0.82282768680616D+00  0.12500000000000D+00
            0.12556820463352D+00  0.82274197389965D+00  0.37523061750323D+00
            0.12586875288764D+00  0.82291238518299D+00  0.62500000000000D+00
            0.12556820463352D+00  0.82274197389965D+00  0.87476938249677D+00
            0.87453744174865D+00  0.17717231319384D+00  0.12500000000000D+00
            0.87443179536648D+00  0.17725802610035D+00  0.37523061750323D+00
            0.87413124711236D+00  0.17708761481701D+00  0.62500000000000D+00
            0.87443179536648D+00  0.17725802610035D+00  0.87476938249677D+00
            0.17686844494337D+00  0.12630920788044D+00 -0.32527558032412D-04
            0.17686844494337D+00  0.12630920788044D+00  0.25003252755803D+00
            0.17716150537020D+00  0.12640019755503D+00  0.50003518974965D+00
            0.17716150537020D+00  0.12640019755503D+00  0.74996481025035D+00
            0.82313155505663D+00  0.87369079211956D+00 -0.32527558032412D-04
            0.82313155505663D+00  0.87369079211956D+00  0.25003252755803D+00
            0.82283849462980D+00  0.87359980244496D+00  0.50003518974965D+00
            0.82283849462980D+00  0.87359980244496D+00  0.74996481025035D+00
            0.35283055565258D+00  0.68439109410377D+00 -0.22090581964551D-05
            0.35283055565258D+00  0.68439109410377D+00  0.25000220905820D+00
            0.35308705523435D+00  0.68443261235385D+00  0.50002394898939D+00
            0.35308705523435D+00  0.68443261235385D+00  0.74997605101061D+00
            0.64716944434742D+00  0.31560890589623D+00 -0.22090581964552D-05
            0.64716944434742D+00  0.31560890589623D+00  0.25000220905820D+00
            0.64691294476565D+00  0.31556738764615D+00  0.50002394898939D+00
            0.64691294476565D+00  0.31556738764615D+00  0.74997605101061D+00
            0.31610166678500D+00  0.35324414986807D+00  0.12500000000000D+00
            0.31597427145765D+00  0.35351658249900D+00  0.37514170962611D+00
            0.31595696825691D+00  0.35345629875655D+00  0.62500000000000D+00
            0.31597427145765D+00  0.35351658249900D+00  0.87485829037389D+00
            0.68389833321500D+00  0.64675585013193D+00  0.12500000000000D+00
            0.68402572854235D+00  0.64648341750100D+00  0.37514170962611D+00
            0.68404303174309D+00  0.64654370124345D+00  0.62500000000000D+00
            0.68402572854235D+00  0.64648341750100D+00  0.87485829037389D+00
            0.58456192480818D+00  0.72980046446377D+00 -0.14894236599535D-03
            0.58456192480818D+00  0.72980046446377D+00  0.25014894236600D+00
            0.58471367079373D+00  0.73006899961059D+00  0.50005484590191D+00
            0.58471367079373D+00  0.73006899961059D+00  0.74994515409809D+00
            0.41543807519182D+00  0.27019953553623D+00 -0.14894236599535D-03
            0.41543807519182D+00  0.27019953553623D+00  0.25014894236600D+00
            0.41528632920627D+00  0.26993100038941D+00  0.50005484590191D+00
            0.41528632920627D+00  0.26993100038941D+00  0.74994515409809D+00
            0.27004840855328D+00  0.58517817726734D+00  0.12500000000000D+00
            0.27008225586322D+00  0.58534144028107D+00  0.37507783023842D+00
            0.27010248441193D+00  0.58533634982680D+00  0.62500000000000D+00
            0.27008225586322D+00  0.58534144028107D+00  0.87492216976158D+00
            0.72995159144672D+00  0.41482182273266D+00  0.12500000000000D+00
            0.72991774413678D+00  0.41465855971893D+00  0.37507783023842D+00
            0.72989751558807D+00  0.41466365017320D+00  0.62500000000000D+00
            0.72991774413678D+00  0.41465855971893D+00  0.87492216976158D+00
            0.25446159178877D+00  0.89276336185443D+00 -0.31643550662353D-03
            0.25446159178877D+00  0.89276336185443D+00  0.25031643550662D+00
            0.25571542768622D+00  0.89317450767746D+00  0.50005659289692D+00
            0.25571542768622D+00  0.89317450767746D+00  0.74994340710308D+00
            0.74553840821123D+00  0.10723663814557D+00 -0.31643550662353D-03
            0.74553840821123D+00  0.10723663814557D+00  0.25031643550662D+00
            0.74428457231378D+00  0.10682549232254D+00  0.50005659289692D+00
            0.74428457231378D+00  0.10682549232254D+00  0.74994340710308D+00
            0.10773134642807D+00  0.25687632930201D+00  0.12500000000000D+00
            0.10769903260384D+00  0.25694112107752D+00  0.37506771278385D+00
            0.10760380700674D+00  0.25688604035630D+00  0.62500000000000D+00
            0.10769903260384D+00  0.25694112107752D+00  0.87493228721615D+00
            0.89226865357193D+00  0.74312367069799D+00  0.12500000000000D+00
            0.89230096739616D+00  0.74305887892248D+00  0.37506771278385D+00
            0.89239619299326D+00  0.74311395964370D+00  0.62500000000000D+00
            0.89230096739616D+00  0.74305887892248D+00  0.87493228721615D+00
     znucl  0.63000000000000D+02  0.38000000000000D+02  0.30000000000000D+01
            0.13000000000000D+02  0.70000000000000D+01  0.80000000000000D+01
      zion  0.17000000000000D+02  0.10000000000000D+02  0.30000000000000D+01
            0.30000000000000D+01  0.50000000000000D+01  0.60000000000000D+01
 
 No information on the potentials yet 
 
 **** Database of total energy derivatives ****
 Number of data blocks=    2
  
 Total energy                 - # elements :       1
 -0.88952815876274D+03  0.00000000000000D+00
  
 1st derivatives              - # elements :     222
   1   1  0.00000000000000D+00  0.00000000000000D+00
   2   1  0.00000000000000D+00  0.00000000000000D+00
   3   1  0.00000000000000D+00  0.00000000000000D+00
   1   2  0.00000000000000D+00  0.00000000000000D+00
   2   2  0.00000000000000D+00  0.00000000000000D+00
   3   2  0.21217476652161D-03  0.00000000000000D+00
   1   3  0.00000000000000D+00  0.00000000000000D+00
   2   3  0.00000000000000D+00  0.00000000000000D+00
   3   3  0.00000000000000D+00  0.00000000000000D+00
   1   4  0.00000000000000D+00  0.00000000000000D+00
   2   4  0.00000000000000D+00  0.00000000000000D+00
   3   4 -0.21217476652161D-03  0.00000000000000D+00
   1   5  0.00000000000000D+00  0.00000000000000D+00
   2   5  0.00000000000000D+00  0.00000000000000D+00
   3   5 -0.50188972041898D-03  0.00000000000000D+00
   1   6  0.00000000000000D+00  0.00000000000000D+00
   2   6  0.00000000000000D+00  0.00000000000000D+00
   3   6  0.50188972041898D-03  0.00000000000000D+00
   1   7  0.00000000000000D+00  0.00000000000000D+00
   2   7  0.00000000000000D+00  0.00000000000000D+00
   3   7 -0.40413494578378D-03  0.00000000000000D+00
   1   8  0.00000000000000D+00  0.00000000000000D+00
   2   8  0.00000000000000D+00  0.00000000000000D+00
   3   8  0.40413494578378D-03  0.00000000000000D+00
   1   9  0.24861484858905D-03  0.00000000000000D+00
   2   9 -0.57338574655870D-03  0.00000000000000D+00
   3   9  0.00000000000000D+00  0.00000000000000D+00
   1  10  0.46802765490753D-03  0.00000000000000D+00
   2  10 -0.69236262248724D-03  0.00000000000000D+00
   3  10  0.71947101418356D-04  0.00000000000000D+00
   1  11  0.60652127673936D-03  0.00000000000000D+00
   2  11 -0.45011957058193D-03  0.00000000000000D+00
   3  11  0.00000000000000D+00  0.00000000000000D+00
   1  12  0.46802765490753D-03  0.00000000000000D+00
   2  12 -0.69236262248724D-03  0.00000000000000D+00
   3  12 -0.71947101418356D-04  0.00000000000000D+00
   1  13 -0.24861484858905D-03  0.00000000000000D+00
   2  13  0.57338574655870D-03  0.00000000000000D+00
   3  13  0.00000000000000D+00  0.00000000000000D+00
   1  14 -0.46802765490753D-03  0.00000000000000D+00
   2  14  0.69236262248724D-03  0.00000000000000D+00
   3  14  0.71947101418356D-04  0.00000000000000D+00
   1  15 -0.60652127673936D-03  0.00000000000000D+00
   2  15  0.45011957058193D-03  0.00000000000000D+00
   3  15  0.00000000000000D+00  0.00000000000000D+00
   1  16 -0.46802765490753D-03  0.00000000000000D+00
   2  16  0.69236262248724D-03  0.00000000000000D+00
   3  16 -0.71947101418356D-04  0.00000000000000D+00
   1  17 -0.39835556724878D-03  0.00000000000000D+00
   2  17 -0.13391837839021D-02  0.00000000000000D+00
   3  17 -0.88489835222766D-04  0.00000000000000D+00
   1  18 -0.39835556724878D-03  0.00000000000000D+00
   2  18 -0.13391837839021D-02  0.00000000000000D+00
   3  18  0.88489835222766D-04  0.00000000000000D+00
   1  19 -0.12980342425718D-03  0.00000000000000D+00
   2  19 -0.13128618578636D-02  0.00000000000000D+00
   3  19 -0.15240891072277D-03  0.00000000000000D+00
   1  20 -0.12980342425718D-03  0.00000000000000D+00
   2  20 -0.13128618578636D-02  0.00000000000000D+00
   3  20  0.15240891072277D-03  0.00000000000000D+00
   1  21  0.39835556724878D-03  0.00000000000000D+00
   2  21  0.13391837839021D-02  0.00000000000000D+00
   3  21 -0.88489835222766D-04  0.00000000000000D+00
   1  22  0.39835556724878D-03  0.00000000000000D+00
   2  22  0.13391837839021D-02  0.00000000000000D+00
   3  22  0.88489835222766D-04  0.00000000000000D+00
   1  23  0.12980342425718D-03  0.00000000000000D+00
   2  23  0.13128618578636D-02  0.00000000000000D+00
   3  23 -0.15240891072277D-03  0.00000000000000D+00
   1  24  0.12980342425718D-03  0.00000000000000D+00
   2  24  0.13128618578636D-02  0.00000000000000D+00
   3  24  0.15240891072277D-03  0.00000000000000D+00
   1  25  0.90799766423974D-04  0.00000000000000D+00
   2  25 -0.20748228951663D-03  0.00000000000000D+00
   3  25 -0.11695156009080D-02  0.00000000000000D+00
   1  26  0.90799766423974D-04  0.00000000000000D+00
   2  26 -0.20748228951663D-03  0.00000000000000D+00
   3  26  0.11695156009080D-02  0.00000000000000D+00
   1  27  0.49224560821684D-03  0.00000000000000D+00
   2  27 -0.49378327982331D-03  0.00000000000000D+00
   3  27 -0.16226606309842D-02  0.00000000000000D+00
   1  28  0.49224560821684D-03  0.00000000000000D+00
   2  28 -0.49378327982331D-03  0.00000000000000D+00
   3  28  0.16226606309842D-02  0.00000000000000D+00
   1  29 -0.90799766423974D-04  0.00000000000000D+00
   2  29  0.20748228951663D-03  0.00000000000000D+00
   3  29 -0.11695156009080D-02  0.00000000000000D+00
   1  30 -0.90799766423974D-04  0.00000000000000D+00
   2  30  0.20748228951663D-03  0.00000000000000D+00
   3  30  0.11695156009080D-02  0.00000000000000D+00
   1  31 -0.49224560821684D-03  0.00000000000000D+00
   2  31  0.49378327982331D-03  0.00000000000000D+00
   3  31 -0.16226606309842D-02  0.00000000000000D+00
   1  32 -0.49224560821684D-03  0.00000000000000D+00
   2  32  0.49378327982331D-03  0.00000000000000D+00
   3  32  0.16226606309842D-02  0.00000000000000D+00
   1  33 -0.15062074919761D-04  0.00000000000000D+00
   2  33 -0.48233348226269D-03  0.00000000000000D+00
   3  33  0.00000000000000D+00  0.00000000000000D+00
   1  34 -0.27709422660956D-03  0.00000000000000D+00
   2  34  0.67811169507623D-04  0.00000000000000D+00
   3  34  0.12718347476126D-02  0.00000000000000D+00
   1  35 -0.21312135551275D-03  0.00000000000000D+00
   2  35 -0.58259579908899D-03  0.00000000000000D+00
   3  35  0.00000000000000D+00  0.00000000000000D+00
   1  36 -0.27709422660956D-03  0.00000000000000D+00
   2  36  0.67811169507623D-04  0.00000000000000D+00
   3  36 -0.12718347476126D-02  0.00000000000000D+00
   1  37  0.15062074919761D-04  0.00000000000000D+00
   2  37  0.48233348226269D-03  0.00000000000000D+00
   3  37  0.00000000000000D+00  0.00000000000000D+00
   1  38  0.27709422660956D-03  0.00000000000000D+00
   2  38 -0.67811169507623D-04  0.00000000000000D+00
   3  38  0.12718347476126D-02  0.00000000000000D+00
   1  39  0.21312135551275D-03  0.00000000000000D+00
   2  39  0.58259579908899D-03  0.00000000000000D+00
   3  39  0.00000000000000D+00  0.00000000000000D+00
   1  40  0.27709422660956D-03  0.00000000000000D+00
   2  40 -0.67811169507623D-04  0.00000000000000D+00
   3  40 -0.12718347476126D-02  0.00000000000000D+00
   1  41 -0.27632720492749D-03  0.00000000000000D+00
   2  41  0.17054009049498D-04  0.00000000000000D+00
   3  41  0.20596922865602D-02  0.00000000000000D+00
   1  42 -0.27632720492749D-03  0.00000000000000D+00
   2  42  0.17054009049498D-04  0.00000000000000D+00
   3  42 -0.20596922865602D-02  0.00000000000000D+00
   1  43  0.84697395697719D-04  0.00000000000000D+00
   2  43 -0.28791755869439D-03  0.00000000000000D+00
   3  43  0.14793590180244D-03  0.00000000000000D+00
   1  44  0.84697395697719D-04  0.00000000000000D+00
   2  44 -0.28791755869439D-03  0.00000000000000D+00
   3  44 -0.14793590180244D-03  0.00000000000000D+00
   1  45  0.27632720492749D-03  0.00000000000000D+00
   2  45 -0.17054009049498D-04  0.00000000000000D+00
   3  45  0.20596922865602D-02  0.00000000000000D+00
   1  46  0.27632720492749D-03  0.00000000000000D+00
   2  46 -0.17054009049498D-04  0.00000000000000D+00
   3  46 -0.20596922865602D-02  0.00000000000000D+00
   1  47 -0.84697395697719D-04  0.00000000000000D+00
   2  47  0.28791755869439D-03  0.00000000000000D+00
   3  47  0.14793590180244D-03  0.00000000000000D+00
   1  48 -0.84697395697719D-04  0.00000000000000D+00
   2  48  0.28791755869439D-03  0.00000000000000D+00
   3  48 -0.14793590180244D-03  0.00000000000000D+00
   1  49  0.35149997785894D-03  0.00000000000000D+00
   2  49 -0.41463217592516D-03  0.00000000000000D+00
   3  49  0.00000000000000D+00  0.00000000000000D+00
   1  50  0.28851542029059D-03  0.00000000000000D+00
   2  50 -0.25312256030174D-03  0.00000000000000D+00
   3  50  0.29052816926539D-03  0.00000000000000D+00
   1  51 -0.24504452929348D-04  0.00000000000000D+00
   2  51 -0.59973989117614D-03  0.00000000000000D+00
   3  51  0.00000000000000D+00  0.00000000000000D+00
   1  52  0.28851542029059D-03  0.00000000000000D+00
   2  52 -0.25312256030174D-03  0.00000000000000D+00
   3  52 -0.29052816926539D-03  0.00000000000000D+00
   1  53 -0.35149997785894D-03  0.00000000000000D+00
   2  53  0.41463217592516D-03  0.00000000000000D+00
   3  53  0.00000000000000D+00  0.00000000000000D+00
   1  54 -0.28851542029059D-03  0.00000000000000D+00
   2  54  0.25312256030174D-03  0.00000000000000D+00
   3  54  0.29052816926539D-03  0.00000000000000D+00
   1  55  0.24504452929348D-04  0.00000000000000D+00
   2  55  0.59973989117614D-03  0.00000000000000D+00
   3  55  0.00000000000000D+00  0.00000000000000D+00
   1  56 -0.28851542029059D-03  0.00000000000000D+00
   2  56  0.25312256030174D-03  0.00000000000000D+00
   3  56 -0.29052816926539D-03  0.00000000000000D+00
   1  57 -0.51697526177162D-04  0.00000000000000D+00
   2  57 -0.11887167130609D-02  0.00000000000000D+00
   3  57  0.58455229629413D-03  0.00000000000000D+00
   1  58 -0.51697526177162D-04  0.00000000000000D+00
   2  58 -0.11887167130609D-02  0.00000000000000D+00
   3  58 -0.58455229629413D-03  0.00000000000000D+00
   1  59  0.19638929515551D-03  0.00000000000000D+00
   2  59 -0.11563084924308D-02  0.00000000000000D+00
   3  59  0.26078833462553D-03  0.00000000000000D+00
   1  60  0.19638929515551D-03  0.00000000000000D+00
   2  60 -0.11563084924308D-02  0.00000000000000D+00
   3  60 -0.26078833462553D-03  0.00000000000000D+00
   1  61  0.51697526177162D-04  0.00000000000000D+00
   2  61  0.11887167130609D-02  0.00000000000000D+00
   3  61  0.58455229629413D-03  0.00000000000000D+00
   1  62  0.51697526177162D-04  0.00000000000000D+00
   2  62  0.11887167130609D-02  0.00000000000000D+00
   3  62 -0.58455229629413D-03  0.00000000000000D+00
   1  63 -0.19638929515551D-03  0.00000000000000D+00
   2  63  0.11563084924308D-02  0.00000000000000D+00
   3  63  0.26078833462553D-03  0.00000000000000D+00
   1  64 -0.19638929515551D-03  0.00000000000000D+00
   2  64  0.11563084924308D-02  0.00000000000000D+00
   3  64 -0.26078833462553D-03  0.00000000000000D+00
   1  65  0.56327550078954D-03  0.00000000000000D+00
   2  65 -0.56055618162659D-03  0.00000000000000D+00
   3  65  0.00000000000000D+00  0.00000000000000D+00
   1  66  0.33647334260568D-03  0.00000000000000D+00
   2  66 -0.65042858759221D-03  0.00000000000000D+00
   3  66 -0.22682990234260D-03  0.00000000000000D+00
   1  67  0.47238809633884D-03  0.00000000000000D+00
   2  67 -0.46228192561481D-03  0.00000000000000D+00
   3  67  0.00000000000000D+00  0.00000000000000D+00
   1  68  0.33647334260568D-03  0.00000000000000D+00
   2  68 -0.65042858759221D-03  0.00000000000000D+00
   3  68  0.22682990234260D-03  0.00000000000000D+00
   1  69 -0.56327550078954D-03  0.00000000000000D+00
   2  69  0.56055618162659D-03  0.00000000000000D+00
   3  69  0.00000000000000D+00  0.00000000000000D+00
   1  70 -0.33647334260568D-03  0.00000000000000D+00
   2  70  0.65042858759221D-03  0.00000000000000D+00
   3  70 -0.22682990234260D-03  0.00000000000000D+00
   1  71 -0.47238809633884D-03  0.00000000000000D+00
   2  71  0.46228192561481D-03  0.00000000000000D+00
   3  71  0.00000000000000D+00  0.00000000000000D+00
   1  72 -0.33647334260568D-03  0.00000000000000D+00
   2  72  0.65042858759221D-03  0.00000000000000D+00
   3  72  0.22682990234260D-03  0.00000000000000D+00
   1  75  0.23143261361578D-06  0.00000000000000D+00
   2  75  0.97197715744068D-08  0.00000000000000D+00
   3  75 -0.40737336997991D-06  0.00000000000000D+00
   1  76  0.00000000000000D+00  0.00000000000000D+00
   2  76  0.00000000000000D+00  0.00000000000000D+00
   3  76 -0.87262542209109D-07  0.00000000000000D+00
