 Fermi (or HOMO) energy (hartree) =   0.22437   Average Vxc (hartree)=  -0.37028
 Eigenvalues (hartree) for nkpt=   2  k points, SPIN UP:
 kpt#   1, nband=204, wtk=  0.50000, kpt=  0.2500  0.2500  0.2500 (reduced coord)
  -1.42202   -1.42192   -1.42174   -1.42170   -1.42164   -1.42149   -1.42140   -1.42139
  -1.42137   -1.42131   -1.42124   -1.42119   -1.42116   -1.42115   -1.42105   -1.42104
  -1.23034   -1.05147   -1.05136   -1.04999   -1.04944   -1.04785   -1.04740   -1.04632
  -0.47964   -0.47680   -0.46685   -0.45454   -0.45127   -0.45118   -0.44927   -0.44715
  -0.44509   -0.44226   -0.44039   -0.44020   -0.43854   -0.43765   -0.43590   -0.43259
  -0.43203   -0.42291   -0.42048   -0.40620   -0.40468   -0.40194   -0.39941   -0.39688
  -0.39556   -0.39463   -0.39355   -0.39180   -0.39117   -0.38757   -0.38598   -0.38393
  -0.38240   -0.37982   -0.37737   -0.37646   -0.37343   -0.37257   -0.37225   -0.36987
  -0.32541   -0.31804   -0.30610   -0.30212   -0.29809   -0.29630   -0.29454   -0.29370
  -0.28940   -0.28877   -0.28644   -0.28370   -0.28025   -0.27806   -0.27746   -0.27707
  -0.00986   -0.00863   -0.00552   -0.00247    0.00324    0.00555    0.00924    0.00965
   0.01129    0.01830    0.01997    0.02010    0.02228    0.03023    0.03313    0.03556
   0.03843    0.04432    0.04696    0.05199    0.05423    0.05808    0.06047    0.06085
   0.06222    0.06436    0.06491    0.06783    0.07007    0.07029    0.07190    0.07203
   0.07245    0.07613    0.07899    0.07973    0.08006    0.08209    0.08320    0.08427
   0.08574    0.08882    0.08963    0.08969    0.08994    0.09384    0.09438    0.09607
   0.09882    0.10172    0.10193    0.10383    0.10470    0.10521    0.10819    0.11015
   0.11036    0.11077    0.11432    0.11482    0.11832    0.11930    0.12212    0.12253
   0.12295    0.12698    0.12709    0.12761    0.12848    0.12977    0.13148    0.13273
   0.13291    0.13358    0.13471    0.13521    0.13657    0.13670    0.14090    0.14161
   0.14235    0.14276    0.14455    0.14853    0.14899    0.14967    0.15110    0.15446
   0.15483    0.15531    0.15579    0.15691    0.15744    0.16472    0.16946    0.17049
   0.21769    0.21776    0.21845    0.21848    0.21919    0.21942    0.22437    0.30701
   0.31977    0.32838    0.32986    0.33605    0.33952    0.34189    0.34229    0.34726
   0.35316    0.35578    0.36412    0.36717    0.37435    0.37587    0.37894    0.38129
   0.38209    0.38542    0.38619    0.39657
 kpt#   2, nband=204, wtk=  0.50000, kpt= -0.2500  0.2500  0.2500 (reduced coord)
  -1.42202   -1.42192   -1.42174   -1.42170   -1.42164   -1.42149   -1.42140   -1.42139
  -1.42137   -1.42131   -1.42124   -1.42119   -1.42116   -1.42115   -1.42105   -1.42104
  -1.23034   -1.05147   -1.05136   -1.04999   -1.04944   -1.04785   -1.04740   -1.04632
  -0.47963   -0.47683   -0.46670   -0.45471   -0.45137   -0.45125   -0.44936   -0.44708
  -0.44508   -0.44244   -0.44033   -0.43998   -0.43861   -0.43740   -0.43575   -0.43268
  -0.43201   -0.42259   -0.42098   -0.40637   -0.40448   -0.40203   -0.39959   -0.39643
  -0.39588   -0.39507   -0.39314   -0.39146   -0.39117   -0.38773   -0.38614   -0.38379
  -0.38230   -0.37992   -0.37719   -0.37649   -0.37358   -0.37237   -0.37221   -0.37013
  -0.32537   -0.31801   -0.30609   -0.30223   -0.29806   -0.29647   -0.29440   -0.29370
  -0.28942   -0.28874   -0.28642   -0.28368   -0.28027   -0.27806   -0.27747   -0.27707
  -0.00982   -0.00820   -0.00599   -0.00245    0.00317    0.00558    0.00951    0.00973
   0.01104    0.01804    0.01988    0.02025    0.02229    0.03000    0.03334    0.03558
   0.03832    0.04425    0.04699    0.05209    0.05427    0.05820    0.06036    0.06086
   0.06223    0.06458    0.06489    0.06801    0.07010    0.07043    0.07172    0.07198
   0.07243    0.07614    0.07901    0.07968    0.08000    0.08195    0.08311    0.08439
   0.08570    0.08901    0.08962    0.08964    0.08971    0.09388    0.09440    0.09609
   0.09874    0.10173    0.10202    0.10354    0.10489    0.10563    0.10820    0.11001
   0.11031    0.11079    0.11420    0.11449    0.11841    0.11940    0.12247    0.12268
   0.12290    0.12699    0.12721    0.12781    0.12864    0.12988    0.13171    0.13213
   0.13252    0.13356    0.13454    0.13487    0.13639    0.13740    0.14059    0.14161
   0.14200    0.14295    0.14450    0.14914    0.14932    0.14974    0.15109    0.15396
   0.15477    0.15541    0.15591    0.15662    0.15747    0.16475    0.16948    0.17049
   0.21772    0.21779    0.21843    0.21851    0.21925    0.21945    0.22436    0.30670
   0.32206    0.32693    0.32933    0.33677    0.33951    0.34164    0.34238    0.34681
   0.35397    0.35785    0.36117    0.36751    0.37270    0.37656    0.37747    0.38040
   0.38219    0.38548    0.38566    0.39847
 Eigenvalues (hartree) for nkpt=   2  k points, SPIN DOWN:
 kpt#   1, nband=204, wtk=  0.50000, kpt=  0.2500  0.2500  0.2500 (reduced coord)
  -1.42202   -1.42192   -1.42174   -1.42170   -1.42164   -1.42150   -1.42140   -1.42138
  -1.42138   -1.42131   -1.42124   -1.42118   -1.42116   -1.42114   -1.42105   -1.42104
  -1.11710   -1.05147   -1.05130   -1.04998   -1.04934   -1.04785   -1.04735   -1.04632
  -0.45490   -0.45389   -0.45130   -0.45035   -0.44952   -0.44864   -0.44545   -0.44416
  -0.44049   -0.43972   -0.43969   -0.43821   -0.43762   -0.43590   -0.43224   -0.43186
  -0.40668   -0.40494   -0.40229   -0.40079   -0.39692   -0.39613   -0.39554   -0.39463
  -0.39185   -0.39120   -0.39057   -0.38612   -0.38593   -0.38435   -0.38242   -0.38037
  -0.37990   -0.37857   -0.37356   -0.37278   -0.37232   -0.36984   -0.36587   -0.36268
  -0.32502   -0.31757   -0.30572   -0.30177   -0.29726   -0.29593   -0.29393   -0.29362
  -0.28882   -0.28874   -0.28645   -0.28352   -0.28001   -0.27742   -0.27724   -0.27649
  -0.00965   -0.00830   -0.00543   -0.00230    0.00345    0.00569    0.00946    0.00999
   0.01142    0.01838    0.02006    0.02041    0.02250    0.03048    0.03342    0.03589
   0.03861    0.04446    0.04726    0.05239    0.05450    0.05821    0.06079    0.06118
   0.06245    0.06481    0.06510    0.06813    0.07025    0.07053    0.07214    0.07228
   0.07270    0.07635    0.07916    0.08006    0.08029    0.08237    0.08344    0.08461
   0.08598    0.08914    0.08981    0.08994    0.09016    0.09413    0.09479    0.09635
   0.09904    0.10209    0.10219    0.10398    0.10498    0.10586    0.10830    0.11050
   0.11075    0.11089    0.11438    0.11499    0.11850    0.11962    0.12250    0.12294
   0.12319    0.12717    0.12749    0.12783    0.12876    0.13004    0.13204    0.13299
   0.13311    0.13387    0.13505    0.13533    0.13682    0.13696    0.14123    0.14183
   0.14245    0.14309    0.14482    0.14914    0.14962    0.15003    0.15143    0.15479
   0.15512    0.15585    0.15620    0.15749    0.15765    0.16546    0.17005    0.17098
   0.31334    0.32350    0.33070    0.33458    0.33954    0.34002    0.34242    0.34338
   0.34884    0.35742    0.35837    0.36459    0.36832    0.37551    0.37773    0.38120
   0.38157    0.38547    0.38653    0.38683    0.39954    0.40085    0.40220    0.40479
   0.41074    0.41463    0.41812    0.41878
 kpt#   2, nband=204, wtk=  0.50000, kpt= -0.2500  0.2500  0.2500 (reduced coord)
  -1.42202   -1.42192   -1.42174   -1.42170   -1.42164   -1.42150   -1.42140   -1.42138
  -1.42138   -1.42131   -1.42124   -1.42118   -1.42116   -1.42114   -1.42105   -1.42104
  -1.11710   -1.05147   -1.05130   -1.04998   -1.04934   -1.04785   -1.04735   -1.04632
  -0.45470   -0.45408   -0.45135   -0.45030   -0.44937   -0.44878   -0.44549   -0.44414
  -0.44030   -0.43986   -0.43979   -0.43814   -0.43765   -0.43589   -0.43218   -0.43191
  -0.40675   -0.40487   -0.40238   -0.40075   -0.39650   -0.39603   -0.39586   -0.39475
  -0.39149   -0.39138   -0.39100   -0.38622   -0.38567   -0.38418   -0.38222   -0.38043
  -0.38002   -0.37850   -0.37368   -0.37265   -0.37232   -0.37018   -0.36587   -0.36252
  -0.32500   -0.31756   -0.30571   -0.30193   -0.29712   -0.29603   -0.29383   -0.29361
  -0.28886   -0.28868   -0.28646   -0.28350   -0.28002   -0.27743   -0.27726   -0.27651
  -0.00961   -0.00805   -0.00567   -0.00228    0.00348    0.00571    0.00966    0.00988
   0.01129    0.01834    0.02009    0.02035    0.02238    0.03043    0.03346    0.03590
   0.03850    0.04447    0.04725    0.05239    0.05446    0.05830    0.06064    0.06118
   0.06255    0.06473    0.06512    0.06818    0.07034    0.07060    0.07218    0.07234
   0.07262    0.07636    0.07932    0.08004    0.08019    0.08228    0.08333    0.08457
   0.08604    0.08936    0.08984    0.08995    0.09026    0.09414    0.09460    0.09645
   0.09908    0.10204    0.10222    0.10428    0.10505    0.10576    0.10839    0.11036
   0.11051    0.11100    0.11432    0.11480    0.11855    0.11958    0.12286    0.12294
   0.12320    0.12736    0.12748    0.12795    0.12879    0.13004    0.13190    0.13270
   0.13295    0.13372    0.13483    0.13514    0.13681    0.13760    0.14076    0.14180
   0.14221    0.14319    0.14488    0.14941    0.14976    0.15031    0.15126    0.15472
   0.15512    0.15560    0.15614    0.15751    0.15781    0.16550    0.17017    0.17112
   0.31351    0.32365    0.33051    0.33461    0.33954    0.34010    0.34238    0.34337
   0.34929    0.35736    0.35843    0.36425    0.36847    0.37557    0.37777    0.38011
   0.38145    0.38518    0.38645    0.38696    0.39933    0.40039    0.40246    0.40504
   0.41046    0.41426    0.41821    0.41850
